# featExtract 1.1
Features: 4
Scale-space location[x y z scale] orientation[o11 o12 o13 o21 o22 o23 o31 o32 o32] 2nd moment eigenvalues[e1 e2 e3] info flag[i1] descriptor[d1 .. d64]
120.085564	136.446716	20.971783	3.673981	-0.302509	-0.508349	0.806269	0.038084	0.838780	0.543136	-0.952385	0.195010	-0.234378	0.216459	0.029249	0.012042	0	59	23	25	0	45	33	1	2	58	3	39	4	41	29	34	5	49	6	63	7	37	43	26	8	40	9	44	10	52	42	47	11	53	24	62	12	38	31	32	13	46	14	61	15	50	16	48	17	56	27	55	18	36	51	35	19	60	22	57	20	54	30	28	21	
120.085564	136.446716	20.971783	3.673981	0.562460	-0.110595	0.819394	-0.805248	0.151648	0.573218	-0.187654	-0.982228	-0.003760	0.216459	0.029249	0.012042	32	58	53	0	1	2	44	3	35	49	63	4	5	6	43	7	36	56	47	8	29	9	41	10	51	46	59	42	55	11	33	12	39	34	61	13	14	15	37	16	30	62	57	17	18	19	28	20	31	38	60	21	32	22	45	23	40	54	50	48	52	24	25	26	27	
120.085564	136.446716	20.971783	3.673981	0.562460	-0.110595	0.819394	-0.424708	0.811638	0.401082	-0.709409	-0.573596	0.409544	0.216459	0.029249	0.012042	32	59	45	0	1	28	42	2	3	63	36	37	4	30	41	5	6	62	34	7	8	35	51	9	10	60	56	11	40	12	43	13	14	52	57	29	15	38	39	16	17	61	50	44	48	18	19	20	21	53	46	31	22	32	55	23	24	58	49	47	54	25	33	26	27	
194.513428	74.233253	23.807213	4.290383	-0.787467	0.582444	-0.201629	0.467246	0.350773	-0.811566	0.401965	0.733292	0.548368	0.649354	0.138477	0.106713	0	56	30	26	54	58	29	28	42	8	0	1	2	55	32	23	17	3	37	48	62	36	39	18	38	15	33	4	19	61	47	40	16	21	53	44	60	46	25	41	20	5	11	27	6	63	34	45	9	13	35	49	57	7	10	12	14	50	43	51	52	59	22	24	31	
