# featExtract 1.1
Features: 2075
Scale-space location[x y z scale] orientation[o11 o12 o13 o21 o22 o23 o31 o32 o32] 2nd moment eigenvalues[e1 e2 e3] info flag[i1] descriptor[d1 .. d64]
85.826584	74.172920	20.067316	4.276875	-0.845771	-0.460274	0.269850	-0.519639	0.825326	-0.220937	-0.121022	-0.327087	-0.937213	0.335529	0.182110	0.024199	32	0	1	2	23	38	55	54	51	50	30	45	58	11	22	14	41	19	33	16	20	27	63	3	4	57	43	21	24	28	59	5	26	6	25	7	29	49	53	31	61	34	62	32	47	18	35	13	40	12	44	8	36	60	56	9	17	42	46	15	37	48	52	10	39	
85.826584	74.172920	20.067316	4.276875	-0.533726	0.819954	-0.206912	0.838650	0.481782	-0.254072	-0.108642	-0.309131	-0.944793	0.335529	0.182110	0.024199	32	13	21	50	32	15	40	37	58	27	59	57	45	0	24	29	23	41	55	1	2	56	52	3	22	26	63	18	28	4	5	16	20	19	42	33	62	14	39	30	46	48	53	43	47	6	38	7	35	49	54	8	31	34	60	9	25	61	51	12	44	10	17	11	36	
85.826584	74.172920	20.067316	4.276875	-0.533726	0.819954	-0.206912	-0.826091	-0.453202	0.334935	0.180858	0.349690	0.919243	0.335529	0.182110	0.024199	32	31	0	57	40	32	7	61	10	44	9	55	59	35	13	14	1	62	41	34	17	38	46	39	11	45	48	52	47	42	18	37	2	15	3	56	30	22	20	53	50	36	23	63	25	16	19	4	5	29	51	27	8	54	49	43	12	33	58	60	28	21	24	26	6	
70.985023	114.473640	38.169342	4.293987	-0.678569	0.370165	0.634447	-0.592624	-0.786211	-0.175127	0.433983	-0.494823	0.752867	0.190283	0.028528	0.019597	32	44	49	36	35	0	1	2	3	58	62	45	41	4	5	6	7	46	38	52	42	8	9	10	11	50	47	59	55	12	13	14	15	56	39	16	17	43	18	19	20	57	63	34	21	22	23	24	25	60	37	54	26	53	27	40	28	61	51	48	29	30	31	32	33	
70.985023	114.473640	38.169342	4.293987	-0.678569	0.370165	0.634447	0.583890	-0.252228	0.771657	0.445665	0.894068	-0.044981	0.190283	0.028528	0.019597	32	49	54	39	36	0	32	1	2	56	57	53	46	3	4	5	6	42	62	34	40	7	55	8	9	38	61	35	58	10	11	12	13	41	45	44	52	14	15	16	17	48	59	50	60	18	19	20	21	22	51	23	43	24	37	25	26	33	47	27	63	28	29	30	31	
70.985023	114.473640	38.169342	4.293987	-0.678569	0.370165	0.634447	0.080239	-0.821212	0.564953	0.730141	0.434266	0.527548	0.190283	0.028528	0.019597	32	50	40	42	44	0	1	2	3	57	52	55	56	4	5	6	7	60	45	8	9	47	10	11	12	62	54	39	13	14	15	16	17	37	46	18	41	19	36	20	21	43	61	22	59	23	24	25	26	49	58	27	28	48	53	29	30	38	63	31	51	32	33	34	35	
70.985023	114.473640	38.169342	4.293987	-0.678569	0.370165	0.634447	-0.734241	-0.366354	-0.571556	0.020862	-0.853676	0.520386	0.190283	0.028528	0.019597	32	48	41	36	0	35	1	2	3	61	59	43	4	5	6	7	8	42	49	50	46	9	10	11	12	52	57	56	53	13	14	15	16	58	17	51	18	45	19	55	20	63	47	39	21	22	23	24	25	40	26	60	27	28	29	44	30	54	37	62	38	31	32	33	34	
70.985023	114.473640	38.169342	4.293987	-0.678569	0.370165	0.634447	-0.640685	0.124182	-0.757694	-0.359259	-0.920629	0.152893	0.190283	0.028528	0.019597	32	46	0	48	1	2	3	37	4	63	42	41	33	5	6	7	8	52	44	47	40	9	10	11	12	58	53	57	49	13	14	15	16	43	17	62	34	18	19	56	20	61	21	59	36	22	23	24	25	38	39	54	50	26	27	35	28	45	51	60	55	29	30	31	32	
116.486282	118.914604	40.793198	3.803756	0.820999	0.360937	0.442363	0.538048	-0.229982	-0.810933	-0.190960	0.903788	-0.383017	0.164397	0.085065	0.023908	32	26	37	32	58	33	22	23	35	62	45	40	46	27	0	1	2	59	44	49	39	3	4	5	6	50	57	51	31	7	8	42	41	29	47	28	63	9	10	11	12	36	60	43	53	13	14	15	16	56	55	24	54	17	18	19	38	30	52	34	61	20	21	25	48	
116.486282	118.914604	40.793198	3.803756	0.820999	0.360937	0.442363	-0.524762	0.171823	0.833728	0.224916	-0.916625	0.330473	0.164397	0.085065	0.023908	32	55	23	57	53	33	0	1	2	62	39	52	30	46	24	3	4	63	31	43	28	5	6	7	8	54	45	61	36	9	10	11	12	37	50	48	58	13	14	15	16	32	51	56	47	41	44	17	18	59	34	35	25	38	22	26	29	42	40	49	60	19	20	21	27	
117.152390	70.232323	41.744152	3.963896	-0.847892	0.383757	0.365800	-0.462564	-0.198330	-0.864117	-0.259062	-0.901885	0.345674	0.153845	0.041162	0.021964	32	57	26	42	30	59	0	1	2	54	50	27	33	55	25	3	4	63	35	49	5	58	36	6	7	60	46	8	9	37	29	10	11	48	43	12	34	53	52	13	14	31	56	15	39	47	45	16	17	32	51	41	38	40	61	18	19	28	62	20	21	24	44	22	23	
52.019978	127.226257	42.146236	4.146560	-0.330369	-0.854485	0.400889	0.794475	-0.022442	0.606882	-0.509576	0.518991	0.686281	0.134757	0.056781	0.029915	32	63	49	33	48	0	1	2	3	45	46	40	52	50	4	32	5	59	58	44	23	25	6	29	7	56	42	57	24	34	8	39	9	62	47	27	31	10	11	12	13	60	53	30	43	26	41	14	15	61	38	37	51	16	17	18	19	54	36	35	55	20	21	28	22	
52.019978	127.226257	42.146236	4.146560	-0.079814	-0.805849	0.586717	-0.049363	0.591068	0.805110	-0.995587	0.035297	-0.086955	0.134757	0.056781	0.029915	32	48	63	42	41	27	0	1	2	57	43	38	34	49	25	3	4	56	59	33	24	5	6	30	7	37	50	58	8	26	9	35	10	45	62	60	39	11	12	13	14	40	52	55	31	32	44	15	16	46	61	29	47	17	18	19	20	53	51	36	54	21	22	28	23	
52.019978	127.226257	42.146236	4.146560	-0.079814	-0.805849	0.586717	-0.642565	-0.408388	-0.648328	0.762063	-0.428750	-0.485215	0.134757	0.056781	0.029915	32	36	28	50	63	0	1	2	3	49	34	33	55	41	24	4	5	46	37	54	61	6	7	8	9	44	42	56	51	10	11	32	27	12	38	62	60	13	14	15	16	26	53	40	57	17	31	18	29	47	59	48	58	19	20	21	22	43	52	30	39	23	35	25	45	
52.019978	127.226257	42.146236	4.146560	0.538801	-0.591393	0.599957	-0.423600	0.425400	0.799748	-0.728187	-0.685047	-0.021308	0.134757	0.056781	0.029915	32	63	41	40	39	0	1	2	3	52	44	32	43	50	36	31	4	57	58	47	33	5	6	25	7	49	48	29	8	26	9	62	10	56	55	61	24	21	27	11	12	54	34	46	13	51	42	14	15	60	45	53	35	16	17	18	19	59	23	38	28	30	22	37	20	
52.019978	127.226257	42.146236	4.146560	0.538801	-0.591393	0.599957	-0.611330	-0.764482	-0.204554	0.579628	-0.256558	-0.773440	0.134757	0.056781	0.029915	32	51	44	37	60	25	0	1	2	30	46	3	50	59	33	4	5	45	61	40	47	6	7	8	9	26	58	29	32	27	28	10	34	35	63	38	55	11	12	13	14	31	49	41	53	15	52	16	42	48	62	17	56	18	23	19	24	36	57	20	39	21	54	22	43	
52.019978	127.226257	42.146236	4.146560	0.538801	-0.591393	0.599957	-0.791728	-0.598821	0.120750	0.287856	-0.540063	-0.790868	0.134757	0.056781	0.029915	32	38	62	33	48	26	0	1	2	32	53	3	42	59	25	4	5	55	60	36	35	6	7	8	9	44	58	28	10	45	31	11	12	51	63	39	37	13	14	15	16	40	52	43	41	30	56	17	27	61	50	18	57	19	20	21	29	47	54	22	34	23	49	24	46	
128.550079	134.931061	42.615551	3.879683	-0.466246	-0.654963	0.594674	-0.420048	-0.427701	-0.800394	0.778571	-0.622973	-0.075702	0.149091	0.036568	0.022676	32	44	54	37	60	0	1	2	3	40	38	33	63	35	4	5	6	51	42	62	43	7	8	9	10	49	61	31	48	11	12	13	14	47	57	53	39	15	16	17	18	46	32	59	45	19	20	21	22	55	56	41	50	23	24	25	26	52	58	36	34	27	28	29	30	
128.550079	134.931061	42.615551	3.879683	-0.466246	-0.654963	0.594674	-0.543697	0.742422	0.391411	-0.697860	-0.140828	-0.702253	0.149091	0.036568	0.022676	32	57	39	44	56	0	1	2	3	31	48	37	60	4	5	6	7	62	46	43	36	8	9	10	11	58	52	35	38	12	13	33	14	45	51	61	49	15	16	17	18	41	40	63	32	19	20	21	22	42	54	47	59	23	24	25	26	53	55	50	34	27	28	30	29	
128.550079	134.931061	42.615551	3.879683	-0.629477	-0.086112	0.772232	-0.407328	-0.809768	-0.422327	0.661697	-0.580397	0.474654	0.149091	0.036568	0.022676	32	61	45	36	42	0	1	2	3	59	48	49	50	4	5	6	7	63	51	8	9	10	35	11	12	54	60	40	39	32	37	13	14	62	33	30	31	15	16	17	18	56	55	34	46	19	20	21	22	58	53	43	23	24	38	25	26	57	52	41	47	27	44	28	29	
39.836887	116.098434	44.298714	4.305675	0.622029	-0.749578	-0.226303	0.559591	0.223423	0.798085	-0.547665	-0.623069	0.558433	0.151123	0.095436	0.016131	32	63	53	21	23	39	26	0	1	59	43	29	34	52	20	41	2	55	62	3	4	36	19	5	6	25	49	7	8	37	60	38	9	57	61	22	10	47	35	11	12	40	58	27	48	42	30	31	13	33	50	14	51	54	32	15	16	44	45	24	17	56	28	46	18	
39.836887	116.098434	44.298714	4.305675	0.607288	0.017136	0.794297	0.551929	-0.728228	-0.406273	0.571467	0.685120	-0.451703	0.151123	0.095436	0.016131	32	62	47	46	54	0	1	2	3	49	26	55	42	48	31	4	5	61	53	38	43	6	25	7	30	44	39	34	36	8	24	9	57	56	59	29	50	10	11	12	13	58	51	35	41	14	15	16	17	52	63	33	37	18	27	19	32	45	22	60	28	20	21	23	40	
130.154144	79.677696	44.375179	3.756272	-0.776903	-0.578854	0.247690	0.599866	-0.800012	0.011903	0.191265	0.157828	0.968766	0.189700	0.095777	0.015606	32	59	43	51	0	1	2	3	4	45	53	61	48	5	6	7	8	56	57	35	9	10	11	12	13	55	60	37	33	14	15	16	17	32	18	63	19	40	20	52	21	38	39	50	36	54	22	49	23	42	24	62	25	26	27	44	28	46	41	47	34	31	30	58	29	
125.676529	129.146042	44.974487	3.801295	-0.634123	-0.672934	-0.380852	-0.568181	0.071443	0.819797	-0.524459	0.736244	-0.427652	0.175747	0.076116	0.032758	32	29	55	26	28	0	57	1	2	59	58	36	33	37	39	3	4	38	62	35	49	5	27	23	6	22	60	25	50	7	8	9	34	48	63	42	46	10	11	12	13	45	53	47	31	32	52	14	15	54	61	40	41	16	21	17	30	44	51	18	43	19	24	20	56	
125.676529	129.146042	44.974487	3.801295	-0.634123	-0.672934	-0.380852	0.145907	-0.587833	0.795716	-0.759341	0.449013	0.470943	0.175747	0.076116	0.032758	32	53	61	32	45	36	29	0	1	57	37	40	49	58	2	3	4	56	50	5	6	54	42	7	8	62	34	38	25	24	23	9	10	63	11	27	30	12	13	14	15	60	46	33	39	35	48	16	26	59	41	28	52	17	18	19	44	51	47	20	55	21	43	22	31	
103.045067	54.858833	45.646549	4.272475	-0.192692	0.553984	-0.809920	-0.171409	0.793695	0.583667	0.966172	0.251295	-0.057981	0.206884	0.083238	0.015191	32	51	25	57	50	28	0	1	2	62	31	43	30	52	3	4	5	54	47	46	44	29	6	7	8	61	48	41	38	40	9	32	10	34	37	49	60	24	11	12	13	53	56	39	59	27	14	15	16	33	55	42	45	17	23	18	19	36	63	35	58	20	21	26	22	
103.045067	54.858833	45.646549	4.272475	-0.192692	0.553984	-0.809920	0.084193	-0.813011	-0.576129	-0.977640	-0.179205	0.110020	0.206884	0.083238	0.015191	32	42	43	58	25	0	1	24	2	60	35	63	30	3	26	4	5	52	57	33	39	6	7	21	27	55	46	59	50	8	9	22	23	44	48	54	45	10	11	12	32	40	41	53	56	13	37	14	38	36	61	29	49	15	16	17	31	28	47	34	62	18	19	20	51	
101.248970	126.546890	45.808491	4.046511	0.620199	0.011705	0.784357	0.773638	-0.174528	-0.609118	0.129763	0.984583	-0.117297	0.216091	0.057393	0.014119	32	44	50	41	47	0	1	2	3	58	59	45	51	4	5	6	7	63	57	8	9	10	11	12	13	43	61	14	15	30	16	17	18	49	46	39	34	19	20	21	22	60	54	52	33	35	23	37	24	56	62	25	26	31	27	28	29	53	55	40	32	42	48	38	36	
66.273277	96.762947	47.444031	3.779783	-0.322927	0.577452	0.749844	0.819703	-0.225387	0.526582	0.473081	0.784697	-0.400555	0.278253	0.092654	0.047772	32	34	49	0	1	39	63	2	3	56	52	40	50	21	29	4	5	6	22	7	8	61	51	41	24	35	32	37	59	45	36	25	27	58	47	9	10	54	57	11	12	53	42	46	55	30	13	14	15	16	31	17	18	62	48	19	20	38	33	28	44	60	43	26	23	
105.671738	97.288177	47.121704	4.350709	-0.810935	-0.562854	0.159938	-0.584410	0.765465	-0.269312	0.029156	-0.311864	-0.949679	0.307466	0.090400	0.051914	32	19	29	26	22	0	52	40	62	51	47	45	18	1	28	30	48	32	35	31	34	2	33	46	59	60	55	27	25	3	15	4	16	21	38	37	63	5	43	6	53	61	24	56	39	7	8	13	9	41	54	23	49	10	57	17	44	58	42	36	50	11	12	20	14	
105.671738	97.288177	47.121704	4.350709	-0.810935	-0.562854	0.159938	-0.432070	0.391674	-0.812347	0.394590	-0.727864	-0.560814	0.307466	0.090400	0.051914	32	35	25	0	21	38	17	54	57	32	63	23	22	1	30	34	40	33	41	43	39	20	28	50	55	37	61	47	44	2	3	4	5	18	16	51	46	6	7	26	62	59	36	49	8	9	10	31	29	27	48	42	58	11	19	12	56	60	52	45	53	13	14	24	15	
105.671738	97.288177	47.121704	4.350709	-0.810935	-0.562854	0.159938	0.436886	-0.400588	0.805394	-0.389250	0.722996	0.570754	0.307466	0.090400	0.051914	32	58	41	48	28	56	0	19	1	53	42	52	60	2	25	3	4	47	51	16	18	62	24	5	6	7	49	35	59	30	31	8	9	39	44	43	33	55	50	29	20	45	46	61	40	10	11	12	13	21	14	27	34	57	54	17	36	22	23	63	32	38	37	26	15	
105.671738	97.288177	47.121704	4.350709	-0.810935	-0.562854	0.159938	0.585010	-0.785574	0.201585	0.012180	0.257038	0.966324	0.307466	0.090400	0.051914	32	49	25	52	40	44	15	57	0	50	38	43	59	1	20	2	3	61	33	41	29	45	4	51	5	39	56	28	62	6	14	7	8	34	24	35	30	58	46	37	9	23	22	54	63	16	10	19	11	21	26	31	18	60	36	55	12	17	48	42	53	47	32	27	13	
110.064255	131.075653	47.929882	3.949977	0.545812	-0.816434	-0.188477	0.749100	0.576240	-0.326796	0.375416	0.037180	0.926110	0.203950	0.068294	0.048086	32	63	42	37	22	48	25	43	28	58	47	50	49	0	1	2	3	59	51	52	4	19	30	24	20	57	60	5	26	6	7	8	9	31	23	29	36	34	41	54	55	32	46	40	61	10	11	18	12	33	53	39	13	35	44	45	38	56	62	21	27	14	15	16	17	
110.064255	131.075653	47.929882	3.949977	0.545812	-0.816434	-0.188477	-0.806474	-0.572907	0.146214	-0.227355	0.072197	-0.971133	0.203950	0.068294	0.048086	32	0	34	52	24	42	49	45	36	43	28	63	32	1	2	3	4	31	33	23	39	55	51	41	47	59	56	38	29	5	6	7	8	9	37	57	60	20	25	30	19	22	10	61	50	11	12	13	14	21	35	54	62	27	40	26	44	46	48	53	58	15	16	17	18	
122.755135	147.567612	47.627956	4.240474	0.027749	-0.812783	0.581906	0.047787	-0.580385	-0.812939	0.998472	0.050366	0.022736	0.271805	0.067682	0.019275	32	36	29	57	0	1	2	3	4	44	39	63	41	5	6	40	42	56	37	43	34	7	8	9	10	60	59	33	49	11	12	13	14	30	31	45	58	15	16	17	18	38	48	52	62	19	20	53	51	46	54	35	47	21	22	23	24	50	61	32	55	25	26	27	28	
122.755135	147.567612	47.627956	4.240474	0.027749	-0.812783	0.581906	-0.067281	0.579290	0.812339	-0.997348	-0.061693	-0.038610	0.271805	0.067682	0.019275	32	48	32	54	42	0	1	2	3	55	31	61	46	4	5	6	7	58	49	33	30	8	9	10	11	62	52	47	37	51	53	12	13	36	40	41	56	14	15	16	17	50	34	59	60	18	19	20	21	22	57	29	35	23	24	25	26	43	63	39	45	44	38	27	28	
137.496826	103.196716	48.295227	4.242425	0.150605	0.592145	0.791632	-0.814218	0.528456	-0.240385	-0.560686	-0.608357	0.561724	0.114384	0.100360	0.032577	32	63	22	21	0	47	42	1	2	56	29	39	3	44	36	32	4	62	40	34	52	38	43	5	6	54	35	25	17	55	50	7	8	58	23	45	26	60	9	10	11	57	12	48	31	49	13	30	14	41	33	51	61	46	19	18	27	59	28	24	53	37	20	16	15	
137.496826	103.196716	48.295227	4.242425	-0.814945	0.394755	-0.424302	-0.533816	-0.226280	0.814763	0.225622	0.890486	0.395133	0.114384	0.100360	0.032577	32	62	53	24	31	42	0	1	2	55	40	25	34	63	21	28	3	38	61	4	5	47	6	7	20	30	50	18	8	52	19	57	44	56	51	37	33	26	32	9	10	48	58	43	39	41	36	22	11	54	59	12	13	45	35	14	15	60	46	27	23	29	16	49	17	
137.496826	103.196716	48.295227	4.242425	-0.814945	0.394755	-0.424302	-0.406779	0.131854	0.903961	0.412790	0.909275	0.053124	0.114384	0.100360	0.032577	32	54	59	0	42	51	25	1	2	46	38	20	40	63	3	23	4	43	61	5	32	53	24	15	13	26	50	17	21	49	19	57	22	41	62	47	27	16	39	6	7	37	58	48	35	31	52	14	8	45	60	18	30	29	44	9	10	56	55	33	34	36	11	28	12	
137.496826	103.196716	48.295227	4.242425	-0.814945	0.394755	-0.424302	-0.159671	0.550863	0.819180	0.557108	0.735335	-0.385892	0.114384	0.100360	0.032577	32	19	56	0	55	36	47	1	2	28	32	3	40	63	53	31	17	4	60	5	48	41	49	6	20	26	54	7	33	59	21	39	18	25	62	42	38	8	30	9	10	35	61	45	29	52	50	11	12	46	57	27	34	13	43	14	23	51	58	44	37	22	24	15	16	
137.496826	103.196716	48.295227	4.242425	-0.814945	0.394755	-0.424302	-0.579526	-0.559863	0.592203	-0.003775	0.728506	0.685028	0.114384	0.100360	0.032577	32	63	45	0	40	30	1	2	3	62	35	32	42	51	4	56	5	49	60	6	7	48	8	24	9	34	44	21	10	61	11	53	39	59	41	38	33	37	29	12	13	57	47	46	43	36	14	22	15	55	52	16	17	50	27	26	18	54	31	25	19	28	20	58	23	
137.496826	103.196716	48.295227	4.242425	-0.814945	0.394755	-0.424302	-0.456406	-0.888360	0.050107	-0.357152	0.234489	0.904133	0.114384	0.100360	0.032577	32	62	38	37	45	34	0	1	2	59	33	30	48	50	3	35	4	61	47	49	5	26	6	53	7	40	36	44	8	9	10	63	25	60	31	43	23	46	11	12	13	57	39	55	27	14	15	29	22	58	42	41	16	32	19	51	17	52	24	28	18	21	20	54	56	
35.986660	110.170204	48.943844	3.904992	0.747501	-0.643768	-0.163723	0.420506	0.267800	0.866867	-0.514216	-0.716830	0.470889	0.150886	0.123531	0.014877	32	45	61	28	30	41	47	0	1	48	33	57	42	32	19	36	2	27	44	38	55	40	51	3	4	56	43	17	14	60	26	24	5	59	62	29	21	6	37	7	8	50	63	31	25	16	35	18	9	54	46	53	20	10	52	11	12	58	39	22	23	34	49	15	13	
44.520813	89.532951	50.162537	4.150553	-0.442196	0.395296	0.805111	0.578362	-0.560419	0.592813	0.685536	0.727785	0.019191	0.190501	0.078604	0.016538	32	56	49	42	28	31	41	0	1	50	53	59	51	37	2	3	4	55	52	5	6	44	43	7	8	40	60	34	57	29	24	35	9	63	27	45	10	25	11	12	13	47	26	46	62	30	14	15	16	61	17	39	18	38	32	19	20	58	36	33	48	54	21	22	23	
44.520813	89.532951	50.162537	4.150553	-0.442196	0.395296	0.805111	0.803324	-0.224686	0.551532	0.398916	0.890650	-0.218195	0.190501	0.078604	0.016538	32	40	60	31	27	0	48	1	2	43	62	49	47	38	3	4	5	46	56	6	7	25	44	8	9	41	52	30	58	39	10	11	12	57	45	51	28	13	29	14	15	42	34	63	55	35	26	16	17	59	61	18	19	36	32	20	21	53	37	33	50	54	22	23	24	
64.900978	131.119049	50.715313	3.684087	-0.798614	-0.055390	-0.599288	-0.231157	-0.891150	0.390407	-0.555681	0.450314	0.698882	0.130493	0.083702	0.043539	32	63	35	52	25	46	23	48	30	59	40	45	50	0	1	2	3	61	42	24	4	53	5	44	6	56	60	22	32	7	8	9	10	31	28	17	16	62	34	43	19	47	57	41	51	38	11	18	12	36	33	13	14	55	26	54	39	49	58	21	29	37	20	15	27	
64.900978	131.119049	50.715313	3.684087	-0.798614	-0.055390	-0.599288	-0.577816	-0.207977	0.789224	-0.168353	0.976564	0.134088	0.130493	0.083702	0.043539	32	62	53	27	0	54	33	32	1	46	60	49	35	2	3	4	5	6	52	7	29	51	48	30	23	22	63	25	36	8	31	9	16	44	59	26	20	47	58	42	10	37	61	50	41	19	11	21	12	15	18	13	14	55	57	40	17	38	45	39	56	28	43	24	34	
64.900978	131.119049	50.715313	3.684087	-0.798614	-0.055390	-0.599288	-0.600522	0.139268	0.787387	0.039848	0.988704	-0.144483	0.130493	0.083702	0.043539	32	53	60	20	0	47	50	19	1	34	63	40	42	2	3	4	5	6	43	7	37	52	49	35	31	27	58	29	56	8	33	21	24	54	62	30	26	44	55	38	22	39	61	51	32	9	10	11	12	15	25	16	14	48	59	28	13	36	45	46	57	23	41	17	18	
95.537498	128.580246	53.238815	4.120728	-0.146633	0.521023	0.840852	0.825944	-0.403286	0.393925	0.544348	0.752260	-0.371200	0.191171	0.081727	0.017531	32	42	57	0	46	1	29	2	3	41	59	37	53	4	24	31	27	60	43	5	35	54	39	6	7	61	50	38	47	26	8	21	9	52	49	10	34	23	22	11	12	58	51	44	55	13	14	15	16	62	56	36	17	40	45	30	18	63	48	33	32	28	19	25	20	
110.625580	130.821213	52.810558	4.318980	-0.807988	0.583299	0.083177	-0.589060	-0.796628	-0.135618	-0.012844	-0.158574	0.987263	0.226767	0.088292	0.047745	32	9	0	12	11	15	43	1	63	39	33	42	35	58	20	13	51	10	2	3	4	56	62	25	45	34	37	44	36	49	31	61	38	52	27	46	17	50	55	21	30	53	28	60	16	5	6	48	7	22	8	32	14	54	57	23	18	40	24	59	29	47	19	41	26	
56.594635	81.178543	53.588650	4.132449	0.473591	-0.585352	-0.658084	-0.142989	-0.788377	0.598344	-0.869061	-0.189272	-0.457067	0.244940	0.045607	0.038358	32	27	24	30	36	51	40	35	58	32	34	50	61	0	1	2	3	49	19	4	5	57	60	21	20	29	38	46	53	28	39	6	18	22	41	7	25	43	62	31	54	44	59	48	55	8	9	10	11	26	23	12	13	56	63	14	42	45	37	52	47	17	33	15	16	
56.594635	81.178543	53.588650	4.132449	0.473591	-0.585352	-0.658084	0.268015	-0.615974	0.740772	-0.838976	-0.527199	-0.134836	0.244940	0.045607	0.038358	32	20	37	21	38	54	46	32	57	23	56	39	60	0	1	2	3	42	25	40	19	61	47	24	30	28	41	45	58	31	22	17	4	35	44	5	6	50	62	7	27	49	55	53	52	8	9	10	11	33	16	26	12	63	59	18	13	43	29	48	51	36	34	14	15	
56.594635	81.178543	53.588650	4.132449	0.473591	-0.585352	-0.658084	0.812139	0.001115	0.583464	-0.340798	-0.810779	0.475915	0.244940	0.045607	0.038358	32	34	33	19	0	61	58	35	43	57	59	37	47	1	2	3	4	23	32	30	29	42	56	53	40	22	60	39	55	5	6	7	8	31	9	24	10	62	51	44	11	38	45	46	52	27	12	13	14	21	15	54	16	63	28	49	17	36	48	26	50	41	20	25	18	
56.594635	81.178543	53.588650	4.132449	0.473591	-0.585352	-0.658084	0.598279	0.762150	-0.247365	0.646354	-0.276568	0.711151	0.244940	0.045607	0.038358	32	0	1	41	2	59	3	61	27	44	55	46	50	4	5	24	6	39	25	29	7	60	51	54	37	62	49	45	38	8	9	10	11	12	13	19	48	40	14	63	32	36	56	35	30	22	15	43	23	28	31	26	33	53	34	57	47	52	58	21	42	16	17	20	18	
36.316597	99.303627	55.808903	4.344330	0.812151	-0.399434	-0.425280	0.545447	0.261034	0.796461	-0.207120	-0.878814	0.429868	0.150708	0.143752	0.059760	32	52	51	0	18	1	60	2	3	21	57	30	23	25	55	37	24	31	48	63	27	4	50	5	6	16	45	20	19	59	42	54	17	61	43	29	22	34	41	7	8	35	47	44	36	49	53	9	10	62	40	33	28	46	39	11	12	26	56	13	14	58	32	38	15	
36.316597	99.303627	55.808903	4.344330	0.812151	-0.399434	-0.425280	0.530065	0.809727	0.251742	0.243807	-0.429878	0.869346	0.150708	0.143752	0.059760	32	52	49	26	22	24	56	0	1	45	43	29	42	63	36	2	3	59	33	25	34	28	53	4	5	38	46	6	7	39	37	57	44	61	8	50	16	55	21	20	9	58	41	19	31	51	15	35	17	54	23	32	62	40	27	10	11	47	18	14	13	60	12	48	30	
70.239677	104.359238	56.047028	3.801167	0.613800	-0.789136	0.022706	0.448560	0.372275	0.812530	-0.649649	-0.488546	0.582477	0.300467	0.066448	0.046720	32	43	17	39	30	47	28	59	31	49	63	36	48	25	0	12	1	45	26	38	15	52	41	51	8	58	54	57	42	2	16	11	19	10	14	46	50	29	3	60	4	21	61	5	34	40	32	55	20	53	35	23	22	44	33	37	6	56	62	9	7	27	13	24	18	
70.239677	104.359238	56.047028	3.801167	0.613800	-0.789136	0.022706	0.789461	0.613496	-0.019366	0.001353	0.029812	0.999555	0.300467	0.066448	0.046720	32	10	15	23	49	13	0	54	60	53	62	24	26	33	28	44	43	22	30	52	25	45	27	59	40	55	56	57	51	1	2	3	4	41	19	21	34	36	11	46	42	63	32	9	5	35	6	29	39	48	17	50	18	47	12	38	37	61	14	58	16	7	31	8	20	
70.239677	104.359238	56.047028	3.801167	0.613800	-0.789136	0.022706	-0.745167	-0.588620	-0.313454	0.260722	0.175478	-0.949332	0.300467	0.066448	0.046720	32	23	36	19	56	18	28	15	46	0	34	40	62	13	1	32	2	43	16	10	37	52	50	8	39	12	3	54	61	48	44	20	38	26	49	17	25	30	58	31	47	51	60	57	53	4	5	6	7	42	27	9	21	55	59	11	22	29	24	63	45	33	41	14	35	
61.322269	33.861824	56.538746	4.062669	0.394958	0.806510	0.439942	0.211016	-0.545712	0.810969	0.894137	-0.227464	-0.385719	0.131367	0.063640	0.022320	32	51	45	61	42	0	1	2	3	49	37	53	40	4	5	41	6	54	63	7	8	9	10	11	12	60	55	13	48	14	15	16	17	18	50	58	59	19	20	21	22	34	35	57	38	23	24	39	25	43	62	44	36	26	27	28	29	52	56	47	46	30	31	32	33	
61.322269	33.861824	56.538746	4.062669	0.394958	0.806510	0.439942	0.189355	0.397129	-0.898017	-0.898974	0.437984	0.004133	0.131367	0.063640	0.022320	32	36	29	58	57	0	1	2	3	42	31	60	52	4	5	6	7	59	46	55	47	8	9	10	11	53	51	41	30	12	34	13	14	28	44	49	63	15	16	17	18	37	35	50	62	19	20	38	21	56	61	39	43	22	23	24	25	48	54	33	40	32	45	26	27	
61.322269	33.861824	56.538746	4.062669	0.394958	0.806510	0.439942	-0.528967	-0.191893	0.826662	0.751134	-0.559212	0.350827	0.131367	0.063640	0.022320	32	41	42	38	63	0	1	2	3	36	33	37	58	4	5	6	45	61	35	51	48	7	8	9	10	59	50	44	46	11	12	13	34	53	52	14	56	15	16	17	18	47	49	40	57	19	20	21	22	62	54	23	39	24	25	26	27	55	60	28	29	30	43	31	32	
137.678680	94.248100	56.549992	4.132409	-0.565062	0.234333	0.791071	0.811499	-0.015198	0.584156	0.148909	0.972037	-0.181573	0.180277	0.154003	0.029390	32	40	24	62	48	22	0	1	2	35	57	55	43	30	27	3	4	47	60	34	37	5	6	20	36	51	45	58	26	7	8	54	31	46	23	33	63	16	17	9	18	53	44	42	56	32	21	10	19	59	50	29	52	11	12	13	38	49	41	25	61	14	15	28	39	
137.678680	94.248100	56.549992	4.132409	-0.565062	0.234333	0.791071	-0.812940	0.005530	-0.582322	-0.140832	-0.972140	0.187373	0.180277	0.154003	0.029390	32	52	29	51	59	38	0	1	2	61	24	41	49	39	28	3	4	63	31	25	45	18	5	17	16	56	42	46	53	19	6	22	33	37	36	60	44	35	21	7	8	27	58	47	50	32	54	9	10	48	62	23	40	11	12	13	20	43	55	57	34	14	15	26	30	
137.678680	94.248100	56.549992	4.132409	0.581411	0.035914	0.812817	-0.801455	0.197323	0.564564	-0.140112	-0.979681	0.143508	0.180277	0.154003	0.029390	32	29	49	15	21	63	25	0	1	40	58	17	23	56	32	35	2	39	55	24	51	57	3	18	4	47	50	5	6	59	26	19	20	30	54	31	14	43	61	7	8	46	42	48	28	41	44	34	9	52	45	38	36	37	53	10	11	33	60	12	13	22	62	16	27	
37.793545	116.069115	57.592434	4.072696	0.166224	-0.608377	-0.776046	0.855185	0.480763	-0.193716	0.490947	-0.631461	0.600190	0.192117	0.160959	0.036393	32	50	31	49	43	34	54	0	1	51	26	53	45	56	21	19	2	47	36	52	37	40	55	3	4	59	44	5	6	57	7	25	8	46	22	32	35	62	18	9	10	60	30	33	58	39	20	11	12	41	29	23	63	48	28	13	14	61	27	15	38	24	16	17	42	
37.793545	116.069115	57.592434	4.072696	0.789174	0.611755	-0.054402	0.386583	-0.563614	-0.729995	-0.477240	0.555063	-0.681284	0.192117	0.160959	0.036393	32	22	57	20	58	44	35	0	1	27	53	33	37	63	25	24	2	29	60	3	30	61	39	4	5	32	59	6	17	48	19	34	7	31	45	42	26	51	50	8	9	43	52	47	38	28	46	10	11	36	40	12	62	49	41	13	14	55	54	15	56	23	21	18	16	
37.793545	116.069115	57.592434	4.072696	-0.185493	-0.757119	-0.626389	0.857370	0.186753	-0.479624	0.480113	-0.626015	0.614490	0.192117	0.160959	0.036393	32	37	32	24	27	51	59	0	1	58	43	34	45	49	2	23	3	54	35	33	39	48	50	4	5	52	40	6	7	55	25	56	21	42	8	29	30	63	31	9	10	57	60	19	46	36	11	12	13	44	53	18	61	47	28	14	15	62	26	16	20	38	17	22	41	
103.251129	41.995159	58.477798	3.875978	0.376058	-0.442407	0.814161	0.554818	0.811244	0.184553	-0.742130	0.382308	0.550529	0.347611	0.047899	0.035817	32	27	36	15	30	28	59	0	42	60	50	39	46	43	1	21	2	16	25	8	26	49	40	11	54	37	34	63	57	18	10	12	17	47	44	53	35	45	55	13	3	56	38	62	41	4	33	5	19	22	23	29	24	48	58	20	31	51	32	52	61	9	14	6	7	
103.251129	41.995159	58.477798	3.875978	0.376058	-0.442407	0.814161	0.574802	-0.577780	-0.579458	0.726762	0.685891	0.037018	0.347611	0.047899	0.035817	32	39	35	48	49	46	12	56	14	37	55	47	61	36	0	1	2	43	20	31	30	60	27	32	3	53	33	59	52	4	5	38	28	24	19	22	21	54	25	58	17	34	63	50	44	13	6	15	7	26	29	16	9	42	57	45	10	40	51	41	62	8	18	23	11	
103.251129	41.995159	58.477798	3.875978	0.376058	-0.442407	0.814161	-0.769191	0.340870	0.540511	-0.516648	-0.829508	-0.212108	0.347611	0.047899	0.035817	32	11	13	26	27	0	50	53	42	63	38	55	37	1	20	17	14	31	22	19	24	25	48	30	58	52	51	61	33	2	12	3	15	18	23	29	35	4	28	46	59	40	60	43	49	21	44	5	6	54	45	34	47	16	36	7	56	62	57	41	39	8	9	10	32	
103.251129	41.995159	58.477798	3.875978	0.376058	-0.442407	0.814161	-0.219169	-0.896194	-0.385749	0.900303	-0.033375	-0.433982	0.347611	0.047899	0.035817	32	0	37	29	32	39	27	58	40	46	63	33	48	1	2	17	3	28	52	51	47	24	4	59	26	45	57	38	61	5	6	16	20	23	15	31	19	42	7	53	49	56	62	36	34	8	9	22	25	35	10	30	21	55	11	54	18	50	43	41	60	12	13	14	44	
103.251129	41.995159	58.477798	3.875978	0.376058	-0.442407	0.814161	-0.221784	0.810141	0.542663	-0.899663	-0.384641	0.206541	0.347611	0.047899	0.035817	32	16	20	26	32	0	37	17	57	59	48	54	49	27	36	18	12	19	30	13	23	22	58	1	42	43	40	63	41	11	25	2	14	50	47	3	44	15	55	4	52	62	51	5	53	35	21	6	7	46	39	38	29	28	56	24	45	60	33	61	34	8	9	10	31	
125.225594	73.469109	58.517284	4.051267	0.383304	0.801650	0.458732	0.198780	-0.556628	0.806629	0.901978	-0.217997	-0.372711	0.285126	0.067176	0.045011	32	17	56	24	35	15	32	33	51	48	62	26	34	41	0	39	1	52	63	2	27	18	23	3	4	53	59	5	16	55	6	20	7	50	40	37	31	21	28	36	45	57	54	43	38	8	25	9	44	58	61	22	47	14	19	10	30	46	60	11	49	12	42	13	29	
125.225594	73.469109	58.517284	4.051267	0.383304	0.801650	0.458732	-0.558913	-0.194091	0.806191	0.735319	-0.565408	0.373658	0.285126	0.067176	0.045011	32	41	36	23	44	30	47	0	52	62	46	42	45	1	27	22	2	60	50	3	16	33	31	4	38	54	49	51	5	17	6	57	7	63	29	35	24	28	26	32	25	56	48	43	37	21	55	8	9	61	59	10	40	20	15	11	12	58	53	39	19	18	13	34	14	
133.522186	81.072525	58.616085	4.220439	0.419835	0.625859	0.657298	-0.775052	-0.129614	0.618462	0.472265	-0.769091	0.430656	0.204908	0.132153	0.033824	32	53	42	41	20	23	63	0	1	62	51	2	3	22	55	4	5	57	47	52	45	6	39	7	8	40	58	38	9	10	36	28	24	32	44	37	27	21	56	11	12	61	50	34	30	25	46	13	29	60	49	33	43	26	48	14	15	59	35	16	17	19	54	18	31	
133.522186	81.072525	58.616085	4.220439	0.419835	0.625859	0.657298	-0.896476	0.399000	0.192688	-0.141667	-0.670149	0.728582	0.204908	0.132153	0.033824	32	57	23	37	20	55	44	16	0	53	1	63	17	24	33	21	2	45	22	61	34	36	47	3	4	62	28	39	5	31	48	6	15	51	25	40	29	56	43	7	8	60	32	42	27	46	50	9	10	59	54	52	41	38	18	11	12	58	13	19	30	35	49	14	26	
133.522186	81.072525	58.616085	4.220439	0.419835	0.625859	0.657298	0.230781	-0.774026	0.589597	0.877770	-0.095841	-0.469399	0.204908	0.132153	0.033824	32	57	58	32	37	0	1	2	43	35	55	3	54	22	14	19	36	42	63	45	47	4	34	5	31	15	61	12	21	13	26	23	52	30	56	18	28	6	46	7	60	51	62	8	39	16	20	9	48	38	40	33	29	10	41	11	53	44	59	25	50	17	27	24	49	
133.522186	81.072525	58.616085	4.220439	0.468381	-0.143593	0.871781	-0.792795	0.367232	0.486432	-0.389993	-0.918978	0.058165	0.204908	0.132153	0.033824	32	46	34	31	32	58	49	0	1	45	60	36	35	33	37	44	2	52	54	3	47	42	50	4	5	39	56	6	7	59	24	41	8	29	61	9	26	55	23	10	11	48	62	12	30	51	20	13	14	38	63	15	43	40	21	16	17	57	53	18	28	27	19	25	22	
86.628021	104.683144	58.934071	4.066544	-0.814594	-0.456835	0.357404	0.579026	-0.604203	0.547420	-0.034136	0.652871	0.756699	0.164827	0.125901	0.094104	32	0	63	1	49	2	50	3	42	4	51	28	59	19	25	21	36	5	24	18	6	35	58	33	44	46	47	30	45	27	39	7	34	55	60	20	38	29	48	8	22	57	61	41	52	9	10	11	12	43	31	13	14	54	62	23	15	56	53	32	37	26	40	16	17	
86.628021	104.683144	58.934071	4.066544	-0.814594	-0.456835	0.357404	0.388780	-0.887310	-0.248055	0.430448	-0.063113	0.900406	0.164827	0.125901	0.094104	32	60	62	17	15	40	43	0	1	61	58	26	45	23	2	3	4	38	51	14	19	48	54	5	22	37	52	24	49	27	44	6	39	57	21	50	16	63	20	32	7	56	41	55	47	31	8	9	10	28	13	25	11	59	29	35	36	53	34	42	30	46	12	33	18	
86.628021	104.683144	58.934071	4.066544	-0.814594	-0.456835	0.357404	0.218547	-0.812506	-0.540436	0.537283	-0.362127	0.761702	0.164827	0.125901	0.094104	32	61	52	46	24	43	30	0	1	63	55	44	37	2	3	4	5	57	50	6	18	49	54	7	8	31	59	9	41	22	36	19	28	51	10	48	11	62	12	45	20	58	39	56	40	33	13	23	14	25	15	16	21	60	38	34	32	53	35	47	27	42	26	29	17	
86.628021	104.683144	58.934071	4.066544	0.844206	-0.459309	0.276318	-0.527694	-0.621656	0.578863	-0.094103	-0.634491	-0.767180	0.164827	0.125901	0.094104	32	62	59	27	0	42	35	23	1	61	55	53	44	2	3	4	5	50	49	18	6	58	54	17	7	52	60	33	26	38	30	8	9	63	10	37	11	51	12	45	13	48	19	57	28	25	22	36	21	41	14	16	20	56	31	39	34	47	46	43	24	40	29	32	15	
86.628021	104.683144	58.934071	4.066544	0.844206	-0.459309	0.276318	-0.368275	-0.871575	-0.323623	0.389474	0.171444	-0.904940	0.164827	0.125901	0.094104	32	19	58	0	50	1	60	2	46	38	57	48	56	3	31	4	24	20	43	21	18	28	59	36	30	29	52	23	40	17	44	5	34	55	63	6	25	45	33	7	8	62	61	49	37	9	22	15	10	47	51	14	11	54	42	16	12	53	32	39	26	41	27	35	13	
86.628021	104.683144	58.934071	4.066544	-0.008135	-0.795737	0.605587	-0.044323	-0.604725	-0.795200	0.998984	-0.033311	-0.030349	0.164827	0.125901	0.094104	32	39	61	38	60	25	29	0	1	31	54	41	55	2	3	4	24	57	56	18	5	26	51	6	17	21	53	19	44	7	48	8	36	63	42	58	45	27	28	9	10	52	30	59	35	11	12	23	13	62	47	14	22	49	40	15	20	50	37	43	32	46	34	33	16	
134.041656	79.062958	59.622639	3.876543	0.418397	0.625307	0.658738	-0.766511	-0.145982	0.625421	0.487244	-0.766604	0.418226	0.203459	0.118055	0.026267	32	42	44	33	28	25	62	0	1	63	48	26	2	22	46	3	4	52	53	43	54	5	47	6	7	50	60	30	8	20	39	24	23	35	34	41	29	19	59	9	10	56	57	40	36	21	45	11	12	58	55	31	27	32	49	13	14	61	38	15	16	18	51	17	37	
134.041656	79.062958	59.622639	3.876543	0.418397	0.625307	0.658738	-0.898687	0.390066	0.200529	-0.131558	-0.675900	0.725156	0.203459	0.118055	0.026267	32	49	23	37	30	54	47	17	0	53	22	62	29	21	27	1	2	48	43	58	25	46	50	3	4	63	31	39	5	32	40	6	7	56	26	35	24	55	52	8	9	61	36	28	34	45	42	10	11	60	51	57	33	38	12	13	14	59	15	18	19	41	44	16	20	
134.041656	79.062958	59.622639	3.876543	-0.833489	-0.371415	-0.409081	-0.495871	0.176215	0.850330	-0.243739	0.911592	-0.331047	0.203459	0.118055	0.026267	32	39	29	20	0	62	36	1	2	49	51	26	23	47	53	3	4	33	40	30	50	55	56	5	6	34	52	7	8	57	59	9	10	38	27	19	21	35	63	11	12	61	24	31	25	54	37	13	22	48	32	43	45	44	58	14	15	60	28	16	17	46	42	18	41	
89.974495	81.809563	59.939465	4.098565	-0.174745	-0.893006	-0.414734	-0.643056	0.422481	-0.638740	0.745616	0.155080	-0.648079	0.402742	0.105706	0.080415	32	37	29	40	30	63	39	34	0	44	38	57	56	18	19	1	2	17	20	3	4	61	58	28	5	50	55	36	53	43	33	6	7	45	46	52	26	51	59	32	8	41	9	60	27	25	10	11	12	21	24	13	14	62	42	22	15	35	31	49	48	54	23	47	16	
89.974495	81.809563	59.939465	4.098565	-0.174745	-0.893006	-0.414734	0.555291	0.258456	-0.790475	0.813090	-0.368430	0.450715	0.402742	0.105706	0.080415	32	0	20	1	21	37	61	2	56	41	55	49	51	3	35	4	28	5	6	7	8	32	62	9	29	42	36	52	39	46	54	27	25	48	38	23	22	43	63	10	33	59	44	53	34	11	19	12	13	45	50	14	47	30	57	15	58	60	40	31	16	24	26	17	18	
46.344227	121.592285	59.956352	4.103374	-0.808572	0.000560	-0.588397	0.454038	-0.635449	-0.624542	-0.374246	-0.772143	0.513552	0.274681	0.191007	0.026559	32	27	42	28	34	53	61	0	1	47	41	46	40	56	22	2	3	48	39	37	4	38	50	5	6	55	59	7	8	35	24	9	23	52	31	49	25	26	63	10	11	57	32	51	33	30	44	12	45	54	43	29	13	21	62	14	15	58	36	16	17	18	60	19	20	
46.344227	121.592285	59.956352	4.103374	-0.118137	-0.558081	-0.821334	-0.875053	0.449492	-0.179556	0.469390	0.697498	-0.541452	0.274681	0.191007	0.026559	32	0	46	62	27	1	2	50	3	23	56	59	44	4	43	5	6	40	63	31	25	26	7	36	8	38	52	55	29	22	9	58	10	11	34	60	53	12	13	32	35	47	45	54	33	37	39	14	15	49	61	42	30	16	17	18	28	48	51	41	57	19	20	21	24	
137.701965	71.041924	60.527763	3.889424	-0.828678	0.387246	-0.404146	-0.157855	0.531045	0.832510	0.537006	0.753679	-0.378936	0.171521	0.105235	0.035489	32	58	32	24	26	56	34	0	1	50	36	29	41	57	33	2	3	40	49	4	38	61	48	5	6	60	54	7	28	39	43	8	9	22	63	10	23	44	42	11	12	27	55	13	51	46	31	14	15	30	62	16	37	45	47	17	18	25	53	19	35	59	52	20	21	
137.701965	71.041924	60.527763	3.889424	0.557621	0.071040	0.827050	-0.819951	0.202425	0.535447	-0.129377	-0.976717	0.171126	0.171521	0.105235	0.035489	32	32	55	0	40	48	33	1	2	39	49	25	43	59	47	3	4	50	45	30	35	56	34	5	6	51	62	7	20	41	42	23	8	21	60	27	24	26	52	9	10	38	58	36	37	46	54	11	12	31	53	28	19	13	61	14	15	29	63	16	57	22	44	17	18	
38.504894	82.445343	60.877934	4.007256	-0.387894	0.425575	0.817572	0.882434	0.427629	0.196071	-0.266174	0.797508	-0.541417	0.265043	0.128760	0.027121	32	40	46	26	22	32	60	0	1	55	51	52	36	2	43	3	4	37	50	5	59	24	54	6	23	58	56	7	8	33	42	9	10	28	53	20	47	57	39	11	12	19	49	21	62	38	35	13	14	31	41	48	61	45	25	15	16	34	63	27	29	44	30	17	18	
35.356277	89.162331	60.851265	4.028710	0.409472	0.377853	0.830398	-0.775015	-0.336151	0.535120	0.481336	-0.862687	0.155198	0.236199	0.121069	0.025643	32	31	38	47	25	0	1	62	2	52	46	63	24	3	4	23	5	56	60	41	27	6	7	26	21	44	53	37	32	8	9	42	49	35	57	45	40	10	11	48	29	39	59	54	34	12	13	14	15	55	61	28	20	16	17	36	22	51	43	33	30	18	19	58	50	
35.356277	89.162331	60.851265	4.028710	0.409472	0.377853	0.830398	0.802850	0.283073	-0.524693	-0.433321	0.881531	-0.187449	0.236199	0.121069	0.025643	32	23	28	59	60	20	33	0	1	31	32	34	51	54	58	2	3	46	37	55	35	36	41	4	5	44	53	56	42	6	7	8	9	26	40	57	61	21	27	10	11	30	38	52	48	45	43	12	13	25	49	39	29	14	62	15	16	24	63	47	50	17	22	18	19	
35.356277	89.162331	60.851265	4.028710	0.793034	0.061636	-0.606051	0.575695	0.249455	0.778683	0.199176	-0.966423	0.162343	0.236199	0.121069	0.025643	32	45	24	0	21	61	54	1	2	57	35	52	25	27	42	3	4	39	29	47	44	38	59	5	6	55	40	7	22	26	60	8	9	33	23	28	32	63	48	10	11	31	51	34	46	36	50	18	12	30	37	53	58	49	43	13	14	20	56	15	16	41	62	19	17	
100.405838	121.143974	60.615402	4.227158	0.830907	-0.527419	-0.177268	0.413366	0.371864	0.831172	-0.372456	-0.763902	0.527001	0.203114	0.061444	0.045040	32	49	56	33	0	58	44	1	2	40	54	38	51	3	4	5	6	36	34	7	8	53	57	9	10	43	32	37	41	48	50	11	31	55	35	12	13	63	47	14	15	60	42	39	45	46	16	17	18	59	19	20	21	61	22	23	24	52	25	30	26	62	27	28	29	
100.405838	121.143974	60.615402	4.227158	0.181799	0.779897	0.598923	-0.163774	-0.576551	0.800478	0.969601	-0.243614	0.022910	0.203114	0.061444	0.045040	32	51	49	57	0	39	1	46	2	60	55	41	31	30	3	4	5	63	59	6	7	42	27	26	8	61	58	9	10	11	28	12	13	35	14	45	15	44	16	54	17	40	48	43	47	36	29	37	25	52	56	18	19	53	32	34	20	50	62	21	22	33	38	23	24	
39.446533	80.090218	63.378281	4.014798	-0.380450	0.438057	0.814472	0.885809	0.425649	0.184839	-0.265709	0.791788	-0.549973	0.282931	0.127968	0.023348	32	38	42	21	20	61	51	0	1	56	52	54	30	23	35	2	17	33	59	3	44	46	50	4	5	53	58	6	7	31	40	8	27	22	49	26	29	45	55	9	10	37	57	39	60	32	47	11	12	28	48	24	62	36	43	13	18	34	63	14	19	41	25	15	16	
87.120781	124.540878	63.619350	4.122558	-0.042484	0.773245	0.632682	-0.803209	-0.403040	0.438649	0.594180	-0.489540	0.638201	0.129659	0.080368	0.045810	32	63	51	22	28	20	34	11	42	19	47	54	39	13	35	30	14	59	44	56	29	25	37	16	31	49	60	0	24	23	15	1	2	62	27	55	18	32	10	38	21	43	3	61	17	36	4	46	5	58	52	53	12	40	41	33	8	57	50	48	9	45	6	26	7	
87.120781	124.540878	63.619350	4.122558	-0.042484	0.773245	0.632682	0.752883	-0.391508	0.529046	0.656782	0.498811	-0.565530	0.129659	0.080368	0.045810	32	57	60	38	44	10	13	32	35	0	46	24	61	1	29	9	15	56	58	12	51	45	33	6	31	52	53	8	55	26	42	2	22	21	63	34	49	3	27	47	23	43	14	36	54	25	11	16	40	41	62	19	48	28	37	20	18	59	50	17	7	30	39	4	5	
87.120781	124.540878	63.619350	4.122558	-0.042484	0.773245	0.632682	-0.055676	-0.634102	0.771242	0.997545	-0.002459	0.069991	0.129659	0.080368	0.045810	32	61	50	33	47	40	20	15	49	45	52	25	57	16	35	7	37	48	60	29	36	22	42	0	31	21	59	1	27	2	53	3	4	46	62	34	41	39	24	26	44	55	9	56	28	32	8	17	11	63	38	18	19	51	13	5	12	58	43	30	14	54	23	10	6	
106.221802	146.915512	63.997799	3.941979	-0.255199	-0.405364	0.877812	-0.829639	0.558056	0.016510	-0.496561	-0.724053	-0.478721	0.175129	0.132814	0.026492	32	33	32	63	55	0	1	2	3	44	41	47	51	40	45	4	5	62	58	36	35	29	6	7	8	57	60	34	39	9	27	10	11	48	43	30	59	12	13	14	15	52	54	16	49	28	38	17	18	61	50	19	53	20	21	22	23	56	42	24	46	25	37	26	31	
106.221802	146.915512	63.997799	3.941979	-0.255199	-0.405364	0.877812	0.810778	-0.584358	-0.034139	0.526794	0.702998	0.477788	0.175129	0.132814	0.026492	32	52	0	50	61	1	2	3	4	46	5	41	55	32	6	37	7	56	29	44	51	8	9	10	11	48	27	54	53	12	13	39	30	33	36	58	63	14	15	16	17	38	35	60	59	18	19	28	20	57	62	31	34	21	22	23	24	49	47	40	45	25	26	42	43	
106.221802	146.915512	63.997799	3.941979	0.434762	-0.798985	0.415457	-0.618861	0.070069	0.782370	-0.654213	-0.597255	-0.463997	0.175129	0.132814	0.026492	32	50	34	36	33	56	42	0	1	37	59	39	40	29	44	2	24	45	48	3	20	61	55	4	5	53	58	6	7	43	30	8	26	41	60	9	21	63	23	10	11	38	62	12	32	47	28	13	14	31	49	15	52	57	25	16	17	54	46	18	22	35	27	19	51	
108.535873	32.995747	64.641960	4.054460	-0.022810	0.584056	0.811393	0.655140	-0.604321	0.453418	0.755163	0.541919	-0.368853	0.136985	0.082538	0.048246	32	24	59	26	55	0	41	1	21	30	33	31	57	46	20	2	3	28	49	54	47	4	39	5	19	34	52	32	42	6	7	43	29	38	62	61	37	8	23	9	10	25	56	58	40	11	53	12	13	44	63	35	60	14	22	15	16	45	51	50	48	17	18	27	36	
108.535873	32.995747	64.641960	4.054460	-0.022810	0.584056	0.811393	0.226344	-0.787513	0.573229	0.973780	0.196730	-0.114233	0.136985	0.082538	0.048246	32	52	62	22	50	0	37	1	2	44	39	26	56	35	36	30	3	27	45	55	31	4	40	5	6	33	51	43	34	19	7	42	20	41	58	57	46	8	23	9	10	38	59	48	47	28	32	11	12	61	49	24	63	13	25	14	15	60	29	21	53	16	18	17	54	
108.535873	32.995747	64.641960	4.054460	-0.022810	0.584056	0.811393	-0.103535	0.805860	-0.582984	-0.994364	-0.097306	0.042088	0.136985	0.082538	0.048246	32	63	21	44	60	0	1	25	2	51	22	32	59	55	3	4	5	49	52	57	43	6	7	23	8	53	42	50	45	9	10	24	33	30	54	47	31	11	12	40	13	34	41	48	36	19	39	14	20	46	28	61	62	15	16	37	17	56	26	35	58	18	27	29	38	
108.535873	32.995747	64.641960	4.054460	-0.022810	0.584056	0.811393	-0.099313	-0.808914	0.579479	0.994795	-0.067363	0.076456	0.136985	0.082538	0.048246	32	62	57	34	42	0	36	1	2	58	39	25	47	44	3	26	4	31	52	49	32	5	41	23	6	33	53	50	29	7	8	38	9	56	43	40	60	10	24	11	12	54	45	37	61	28	13	14	15	59	46	27	63	16	30	17	18	55	35	21	51	20	19	22	48	
108.535873	32.995747	64.641960	4.054460	-0.022810	0.584056	0.811393	-0.652196	-0.623812	0.430696	0.757707	-0.519363	0.395148	0.136985	0.082538	0.048246	32	62	45	36	61	23	17	0	1	58	37	25	57	52	2	3	4	50	53	26	38	41	24	5	6	30	54	42	31	18	7	46	21	63	56	33	44	22	8	9	10	59	34	43	60	11	19	12	32	48	49	28	55	35	20	13	14	51	39	29	40	15	27	16	47	
108.535873	32.995747	64.641960	4.054460	0.455992	-0.343406	0.821063	-0.200809	0.859069	0.470825	-0.867034	-0.379568	0.322769	0.136985	0.082538	0.048246	32	62	45	43	25	28	39	0	1	53	49	40	42	63	14	20	2	58	41	60	18	37	50	3	4	55	54	5	6	48	32	21	7	57	30	56	8	36	27	17	9	52	46	38	16	31	47	10	15	61	34	22	33	51	24	11	19	59	35	12	26	23	44	13	29	
126.531754	135.753372	65.430481	4.481884	0.779510	-0.045474	-0.624737	-0.614989	-0.244982	-0.749514	-0.118966	0.968460	-0.218932	0.315601	0.206394	0.034531	32	25	31	0	1	51	63	2	3	36	59	45	55	4	37	5	6	20	29	16	17	7	56	8	62	52	46	58	28	9	32	19	30	48	10	49	11	57	34	54	12	47	50	26	13	39	40	53	14	33	24	42	15	43	44	60	22	41	61	35	21	18	23	38	27	
126.531754	135.753372	65.430481	4.481884	-0.599588	-0.599469	0.530218	0.406231	-0.798793	-0.443742	0.689543	-0.050672	0.722469	0.315601	0.206394	0.034531	32	25	22	47	39	0	31	29	58	41	50	45	48	1	16	26	55	23	32	2	28	57	59	3	4	35	43	56	40	37	38	17	5	6	24	30	34	7	42	27	63	49	46	15	62	8	20	21	51	19	53	9	33	60	54	10	11	18	44	12	61	52	36	14	13	
126.531754	135.753372	65.430481	4.481884	-0.599588	-0.599469	0.530218	-0.580949	0.781694	0.226833	-0.550447	-0.172023	-0.816955	0.315601	0.206394	0.034531	32	31	14	57	0	23	17	63	35	61	1	37	15	16	2	55	33	28	47	19	3	60	50	25	4	59	21	51	46	52	40	5	6	26	7	34	24	12	8	62	44	43	56	38	36	13	18	41	32	9	54	27	20	29	58	42	10	48	53	45	39	30	49	22	11	
