# featExtract 1.1
Features: 2550
Scale-space location[x y z scale] orientation[o11 o12 o13 o21 o22 o23 o31 o32 o32] 2nd moment eigenvalues[e1 e2 e3] info flag[i1] descriptor[d1 .. d64]
116.689880	77.238464	30.475313	4.367671	-0.600554	-0.795996	-0.075661	-0.794641	0.583659	0.166997	-0.088769	0.160415	-0.983050	0.198479	0.085945	0.015679	32	33	63	36	42	0	35	1	2	57	55	51	45	3	4	5	6	7	59	8	58	9	34	10	11	48	61	12	44	13	14	15	16	40	39	62	41	17	18	19	20	37	53	56	49	21	22	23	24	50	52	47	54	25	26	27	28	38	43	46	60	29	30	31	32	
116.689880	77.238464	30.475313	4.367671	-0.600554	-0.795996	-0.075661	-0.735353	0.586992	-0.338669	0.313991	-0.147752	-0.937859	0.198479	0.085945	0.015679	32	0	61	1	53	2	38	3	32	56	58	34	46	4	5	6	7	35	45	37	62	8	9	10	33	39	44	11	63	12	13	14	15	60	42	48	41	16	17	18	19	55	51	52	50	20	21	22	23	59	40	47	54	24	25	26	27	49	36	43	57	28	29	30	31	
85.565369	75.430237	33.360085	3.873236	-0.793845	-0.608016	0.011242	-0.597640	0.776613	-0.199246	0.112414	-0.164889	-0.979885	0.381058	0.077628	0.032519	32	26	0	49	1	62	32	56	43	39	2	59	35	25	3	36	4	24	21	5	6	63	44	17	7	55	50	33	8	58	54	9	10	11	29	38	37	52	53	47	30	42	34	51	41	22	12	48	20	27	40	13	14	57	60	18	15	28	46	31	45	23	61	19	16	
85.565369	75.430237	33.360085	3.873236	-0.446491	-0.672677	-0.590043	0.138600	0.599469	-0.788306	0.883989	-0.433752	-0.174424	0.381058	0.077628	0.032519	32	40	50	42	16	21	63	0	1	36	58	45	54	2	43	27	20	30	31	3	28	26	60	4	5	6	29	22	44	7	62	23	34	51	25	47	39	61	46	8	9	41	24	56	48	38	15	32	10	18	11	17	52	49	59	12	33	19	13	53	35	55	57	37	14	
85.565369	75.430237	33.360085	3.873236	-0.446491	-0.672677	-0.590043	-0.300088	0.733803	-0.609492	0.842968	-0.095068	-0.529498	0.381058	0.077628	0.032519	32	45	38	53	37	58	55	0	1	39	52	44	54	14	2	3	4	26	28	5	6	56	60	22	15	7	46	19	43	36	61	27	25	33	8	48	24	63	32	49	20	17	21	57	42	31	9	41	10	16	35	11	51	59	47	12	23	18	29	34	40	62	50	30	13	
85.565369	75.430237	33.360085	3.873236	0.593512	-0.794495	-0.128533	0.745484	0.602883	-0.284227	0.303307	0.072873	0.950102	0.381058	0.077628	0.032519	32	29	0	38	36	53	57	40	47	35	30	46	52	20	24	26	49	1	2	3	4	58	59	5	33	43	34	45	32	61	44	23	6	7	8	9	50	10	62	11	54	25	41	37	60	12	27	13	28	14	15	16	17	42	63	22	31	51	48	19	39	56	55	21	18	
54.560528	112.381821	38.164124	3.881948	-0.414411	0.669201	0.616792	0.472102	-0.421338	0.774335	0.778064	0.612082	-0.141324	0.142487	0.061188	0.030473	32	58	45	60	48	0	1	2	3	43	41	46	62	4	5	6	7	56	61	24	30	26	40	8	23	37	53	29	59	22	20	31	42	33	63	52	36	9	10	11	12	35	49	51	47	13	39	14	15	55	57	28	25	27	38	16	17	54	32	50	44	21	18	34	19	
54.560528	112.381821	38.164124	3.881948	-0.414411	0.669201	0.616792	-0.222700	0.582558	-0.781685	-0.882422	-0.461299	-0.092388	0.142487	0.061188	0.030473	32	22	25	43	62	0	1	26	47	39	50	32	52	33	44	2	23	40	49	63	35	3	4	5	6	46	51	48	36	7	8	31	24	34	28	58	60	9	10	29	30	57	27	56	37	42	11	12	21	54	55	45	61	13	14	15	16	59	38	41	53	17	18	19	20	
54.560528	112.381821	38.164124	3.881948	-0.414411	0.669201	0.616792	-0.812540	0.033207	-0.581959	-0.409930	-0.742339	0.529992	0.142487	0.061188	0.030473	32	52	33	59	47	0	22	24	1	51	43	34	56	2	3	4	5	35	54	63	39	6	23	7	8	42	57	55	27	9	10	32	11	29	21	62	36	25	12	50	26	44	41	38	40	31	53	30	28	37	58	61	49	13	14	15	16	60	48	45	46	17	18	19	20	
54.560528	112.381821	38.164124	3.881948	-0.414411	0.669201	0.616792	0.822903	-0.013934	0.568011	0.388708	0.742951	-0.544914	0.142487	0.061188	0.030473	32	47	61	57	40	0	1	2	3	46	45	49	60	4	5	6	7	33	62	21	29	27	50	8	26	38	37	43	44	28	30	52	31	39	63	54	36	9	10	22	11	25	55	58	41	12	32	13	14	48	59	35	53	15	24	23	16	56	34	42	51	17	18	19	20	
54.560528	112.381821	38.164124	3.881948	-0.414411	0.669201	0.616792	-0.236586	-0.733642	0.637021	0.878801	0.118064	0.462353	0.142487	0.061188	0.030473	32	63	34	44	56	0	1	2	3	54	40	21	58	23	30	4	5	61	46	38	50	22	6	7	8	48	60	39	53	9	10	11	27	57	59	47	35	12	13	14	15	37	49	55	41	24	16	17	18	62	29	32	19	51	25	20	26	45	36	42	43	33	31	28	52	
54.560528	112.381821	38.164124	3.881948	-0.414411	0.669201	0.616792	0.335215	0.742318	-0.580169	-0.846105	-0.033671	-0.531950	0.142487	0.061188	0.030473	32	18	33	30	62	0	22	25	49	44	39	37	38	52	28	31	32	36	48	56	59	19	1	2	24	42	57	50	35	3	4	5	23	53	46	45	61	6	7	8	9	51	43	60	47	26	10	11	12	54	40	34	63	20	13	14	15	58	21	41	55	16	17	27	29	
54.560528	112.381821	38.164124	3.881948	-0.414411	0.669201	0.616792	0.812438	0.577443	-0.080648	-0.410132	0.467684	-0.782983	0.142487	0.061188	0.030473	32	25	60	28	58	0	30	22	37	27	33	59	53	26	21	45	1	29	57	24	54	2	40	3	38	50	55	41	31	36	23	20	4	56	62	52	44	5	6	7	8	46	42	61	43	9	10	11	12	49	34	35	63	13	14	15	16	51	32	47	48	17	18	19	39	
54.560528	112.381821	38.164124	3.881948	-0.414411	0.669201	0.616792	-0.816164	-0.573131	0.073465	0.402666	-0.472959	0.783690	0.142487	0.061188	0.030473	32	63	35	33	49	0	1	2	3	48	45	32	51	39	4	5	6	43	53	62	56	7	8	9	10	42	60	44	47	11	12	13	14	54	24	57	28	38	15	40	16	31	41	55	50	17	20	22	37	58	29	61	25	36	23	30	18	52	59	34	27	19	46	21	26	
51.171791	127.191788	38.676846	4.206676	0.395410	-0.466244	0.791370	-0.460347	0.644964	0.610001	-0.794815	-0.605506	0.040390	0.203759	0.121424	0.075597	32	63	18	43	23	57	0	10	1	53	42	41	46	37	2	27	3	61	33	54	11	47	21	28	13	29	50	22	4	14	8	62	5	52	58	36	30	49	35	31	39	51	26	59	19	40	25	12	6	24	48	34	56	20	44	17	45	55	60	32	16	15	9	38	7	
51.171791	127.191788	38.676846	4.206676	0.395410	-0.466244	0.791370	-0.572380	-0.798916	-0.184699	0.718354	-0.379932	-0.582768	0.203759	0.121424	0.075597	32	49	60	23	43	27	41	22	35	13	33	0	52	62	29	1	9	37	12	57	46	21	20	51	32	50	42	18	61	2	16	3	10	28	63	14	39	11	54	4	19	34	48	45	47	31	44	5	6	30	59	25	58	15	55	24	40	56	53	26	36	7	17	8	38	
108.558350	123.234268	42.597393	4.735925	0.800016	0.000763	-0.599977	0.447959	-0.666003	0.596467	-0.399131	-0.745949	-0.533155	0.229399	0.084747	0.061027	32	25	58	39	34	0	52	1	43	35	55	51	53	36	49	2	3	61	20	22	21	28	24	23	48	63	40	44	9	26	30	4	18	42	62	50	14	5	17	10	6	38	54	56	37	33	47	19	7	60	59	12	13	32	31	15	8	41	57	27	29	16	46	11	45	
108.558350	123.234268	42.597393	4.735925	0.800016	0.000763	-0.599977	-0.594387	-0.135192	-0.792734	-0.081717	0.990819	-0.107703	0.229399	0.084747	0.061027	32	0	58	20	57	13	23	18	30	1	51	44	61	2	3	45	27	17	40	43	63	4	14	5	36	46	41	52	53	22	15	34	32	28	24	35	33	19	16	60	31	49	59	47	48	6	7	29	37	39	50	25	62	8	9	10	26	55	42	38	54	11	21	12	56	
108.558350	123.234268	42.597393	4.735925	0.800016	0.000763	-0.599977	0.596274	0.109934	0.795218	0.066564	-0.993939	0.087493	0.229399	0.084747	0.061027	32	62	31	55	38	24	20	0	1	54	39	45	51	56	2	16	3	33	35	26	28	27	60	18	15	44	47	59	49	36	29	4	5	63	43	40	17	37	6	13	7	53	52	41	48	30	32	21	14	58	22	57	8	34	19	23	9	61	42	46	10	25	50	11	12	
70.627266	100.771233	44.923199	4.450462	0.797471	-0.465046	0.384411	-0.577522	-0.772782	0.263204	0.174664	-0.431903	-0.884846	0.311004	0.058588	0.028881	32	40	33	25	21	30	48	53	47	61	49	42	24	15	16	29	31	10	27	12	26	0	58	35	51	38	34	63	37	1	36	13	9	2	59	19	50	14	43	41	52	39	62	20	46	18	22	32	3	11	44	17	56	4	28	23	57	55	60	45	54	5	6	7	8	
70.627266	100.771233	44.923199	4.450462	0.797471	-0.465046	0.384411	0.192746	0.800094	0.568067	-0.571742	-0.378923	0.727688	0.311004	0.058588	0.028881	32	59	46	0	1	52	43	2	16	60	42	57	13	3	22	4	5	50	23	54	30	39	53	40	41	28	24	63	14	6	35	38	17	51	32	27	25	56	47	7	26	44	45	55	61	19	8	9	10	29	18	20	21	58	37	34	36	33	49	48	62	31	15	11	12	
100.038574	103.101921	45.532398	4.693433	-0.720789	-0.562250	0.405386	0.631150	-0.774142	0.048509	0.286552	0.290825	0.912858	0.315278	0.060252	0.031512	32	54	25	29	0	59	33	38	40	63	49	18	30	17	1	2	3	37	4	51	5	45	31	60	42	48	46	58	57	6	7	8	9	32	21	10	11	56	50	28	26	53	62	19	41	34	27	12	13	24	23	20	14	55	52	47	22	36	43	44	61	39	35	15	16	
100.038574	103.101921	45.532398	4.693433	-0.720789	-0.562250	0.405386	0.596870	-0.206091	0.775417	-0.352432	0.800875	0.484139	0.315278	0.060252	0.031512	32	54	32	0	20	59	38	40	35	57	56	51	44	1	2	3	4	37	22	5	6	60	43	47	39	46	27	62	52	36	23	7	8	33	48	9	24	41	61	30	42	17	63	25	16	18	29	10	11	28	15	12	13	49	53	21	45	34	58	50	55	19	31	14	26	
100.038574	103.101921	45.532398	4.693433	-0.720789	-0.562250	0.405386	-0.002011	0.586536	0.809920	-0.693151	0.582967	-0.423899	0.315278	0.060252	0.031512	32	41	38	0	1	60	51	44	25	56	47	61	32	2	24	3	4	5	27	22	6	7	52	35	49	57	42	53	48	8	28	9	30	26	59	18	29	39	54	45	33	46	58	43	62	10	11	12	13	14	34	19	37	15	55	36	50	20	40	21	63	16	31	17	23	
123.902863	39.513039	46.220734	4.205452	-0.583990	0.788734	0.191976	-0.566353	-0.565306	0.599727	0.581551	0.241509	0.776835	0.167877	0.079301	0.010211	32	39	50	52	62	0	1	2	3	30	29	4	55	24	5	25	40	58	36	56	51	6	7	8	9	49	35	37	46	44	38	26	41	54	60	10	47	11	12	13	14	61	33	32	45	31	15	27	28	63	48	53	16	17	18	19	20	57	34	42	21	59	22	43	23	
50.851154	135.245148	47.325424	4.135607	-0.593482	-0.609546	-0.525578	-0.780324	0.595743	0.190222	0.197161	0.523014	-0.829207	0.276722	0.068506	0.036626	32	36	30	44	18	47	29	49	37	32	63	58	39	0	31	1	12	61	42	14	24	43	35	2	20	52	60	23	38	3	13	25	48	33	26	59	50	4	19	17	40	41	46	53	27	5	55	6	28	54	57	15	56	7	22	8	16	51	34	9	45	10	21	11	62	
142.296188	103.435982	48.418304	4.427837	-0.025111	-0.584342	0.811118	0.137273	0.801673	0.581788	-0.990215	0.125953	0.060083	0.126037	0.114986	0.028873	32	62	0	34	26	52	1	48	2	55	56	43	38	21	3	32	4	59	5	40	27	57	6	50	7	60	28	35	33	46	8	45	23	42	63	19	9	41	10	36	11	61	49	37	12	25	13	30	14	54	39	29	15	53	16	44	17	58	20	51	22	31	18	47	24	
125.143158	139.018097	50.034142	4.529581	0.778173	-0.435043	-0.452973	0.164095	-0.555347	0.815268	-0.606234	-0.708750	-0.360768	0.300200	0.106602	0.020549	32	45	13	27	15	63	50	17	21	62	14	46	16	53	20	0	1	2	19	3	26	47	56	4	61	60	32	37	40	38	36	5	25	49	6	48	22	39	55	23	41	54	31	57	44	33	7	8	9	28	18	34	30	35	29	42	58	51	43	52	59	24	10	11	12	
125.143158	139.018097	50.034142	4.529581	0.778173	-0.435043	-0.452973	-0.408090	-0.898481	0.161848	-0.477398	0.058908	-0.876711	0.300200	0.106602	0.020549	32	19	17	0	1	2	63	3	51	60	47	4	18	41	38	5	30	31	23	35	24	22	36	55	57	44	43	62	37	28	25	6	21	40	54	32	7	8	61	15	33	56	59	42	9	26	53	10	11	34	29	39	20	27	46	49	50	52	48	58	45	16	12	13	14	
125.143158	139.018097	50.034142	4.529581	0.778173	-0.435043	-0.452973	-0.561037	-0.805684	-0.190028	-0.282283	0.402008	-0.871037	0.300200	0.106602	0.020549	32	13	16	21	18	0	58	56	57	41	60	35	22	1	44	20	36	33	27	29	23	38	39	59	37	48	46	61	40	2	24	3	4	30	49	17	5	14	63	19	31	50	62	28	6	7	54	8	9	47	43	32	15	25	42	45	55	51	52	53	34	10	26	11	12	
125.143158	139.018097	50.034142	4.529581	0.778173	-0.435043	-0.452973	0.116930	0.808983	-0.576085	0.617069	0.395328	0.680398	0.300200	0.106602	0.020549	32	26	33	24	29	58	50	41	25	52	59	47	53	0	1	2	14	10	43	44	51	38	18	60	13	23	54	49	55	3	4	37	42	31	22	20	5	62	15	46	19	45	56	39	57	21	6	30	34	11	16	27	32	28	7	63	36	12	35	17	61	8	9	40	48	
125.143158	139.018097	50.034142	4.529581	0.778173	-0.435043	-0.452973	-0.186098	0.529126	-0.827885	0.599846	0.728535	0.330791	0.300200	0.106602	0.020549	32	30	33	19	26	58	41	31	35	59	52	43	50	0	1	2	24	28	47	3	48	40	22	56	39	46	55	34	54	4	5	6	32	23	16	21	7	61	8	57	51	38	37	29	60	25	9	36	42	10	27	14	45	20	17	44	63	11	49	15	62	12	13	18	53	
125.143158	139.018097	50.034142	4.529581	0.778173	-0.435043	-0.452973	0.553149	0.816324	0.166256	0.297444	-0.379937	0.875885	0.300200	0.106602	0.020549	32	15	37	41	45	52	47	43	27	32	55	53	51	0	1	25	10	2	20	49	30	31	18	63	14	3	28	61	50	4	5	54	11	22	29	26	33	36	59	39	38	40	62	46	48	6	7	24	12	17	21	16	9	57	56	58	8	23	34	60	42	35	19	44	13	
50.085091	53.239761	54.117077	4.223010	-0.421592	-0.432200	-0.797159	-0.884559	0.002568	0.466422	-0.199541	0.901774	-0.383389	0.359540	0.094644	0.030383	32	38	12	34	23	59	42	46	43	33	50	51	35	19	17	39	15	31	0	1	2	62	53	61	3	14	13	55	24	48	47	30	25	21	4	44	16	45	60	52	11	28	36	58	32	18	5	49	10	6	7	8	9	57	63	29	54	27	26	56	22	40	41	37	20	
50.085091	53.239761	54.117077	4.223010	-0.421592	-0.432200	-0.797159	0.726941	0.364413	-0.582030	0.542050	-0.824868	0.160551	0.359540	0.094644	0.030383	32	0	1	2	3	37	58	60	61	46	50	12	19	23	45	27	57	24	17	4	11	39	33	22	62	53	49	30	42	40	29	5	21	6	7	8	38	14	59	20	63	56	36	15	16	26	18	32	52	35	44	9	28	41	51	25	55	48	54	31	47	34	43	13	10	
50.085091	53.239761	54.117077	4.223010	-0.421592	-0.432200	-0.797159	-0.874130	0.427503	0.230517	0.241159	0.794005	-0.558031	0.359540	0.094644	0.030383	32	42	25	20	11	52	60	37	50	26	41	59	31	17	36	27	19	23	0	1	2	57	62	61	30	21	13	56	3	48	55	38	18	33	4	47	16	39	53	54	5	28	44	58	22	14	10	51	6	7	8	12	9	34	63	29	46	35	45	49	32	24	43	40	15	
128.883301	89.789803	51.780754	4.025050	-0.407754	-0.388350	0.826390	0.616987	0.549986	0.562888	-0.673101	0.739392	0.015349	0.199345	0.181745	0.035547	32	38	62	36	50	14	33	0	1	42	21	59	49	2	20	3	15	45	47	28	17	51	57	4	5	54	61	27	30	22	41	6	25	63	48	53	31	16	18	7	8	34	32	56	19	26	46	9	39	44	52	35	10	24	60	11	12	40	43	37	23	13	55	29	58	
128.883301	89.789803	51.780754	4.025050	-0.634580	-0.605937	0.479738	0.434824	0.233255	0.869782	-0.638934	0.760548	0.115457	0.199345	0.181745	0.035547	32	55	59	18	33	36	45	0	21	54	39	53	52	30	19	1	2	43	29	3	15	58	56	4	5	60	48	32	27	16	40	6	38	63	35	34	13	25	51	7	8	57	31	49	17	22	46	9	26	47	14	24	10	44	62	11	23	50	28	42	37	20	41	12	61	
128.883301	89.789803	51.780754	4.025050	-0.787777	0.190413	0.585790	0.614797	0.184661	0.766762	0.037829	0.964180	-0.262537	0.199345	0.181745	0.035547	32	17	60	0	55	24	21	1	19	31	44	2	56	48	22	15	23	36	54	3	38	57	45	4	14	25	58	5	39	28	52	16	59	42	63	13	33	43	30	6	12	50	49	41	53	18	27	7	26	51	40	8	9	62	29	10	11	46	37	20	35	61	34	32	47	
36.829132	128.353592	54.015347	4.329319	0.821515	0.432932	0.371058	0.538131	-0.373564	-0.755556	-0.188489	0.820379	-0.539863	0.173496	0.125881	0.072964	32	16	34	0	59	40	56	17	15	20	47	1	53	58	27	37	24	23	43	2	35	63	55	3	19	39	60	4	29	42	50	5	6	51	49	18	25	7	54	8	9	61	45	44	38	28	32	21	14	52	62	10	26	22	48	11	33	57	30	12	46	36	31	13	41	
36.829132	128.353592	54.015347	4.329319	0.821515	0.432932	0.371058	0.166137	-0.804275	0.570563	0.545447	-0.407079	-0.732648	0.173496	0.125881	0.072964	32	52	21	55	23	56	0	1	2	42	38	62	46	31	14	27	19	39	59	16	3	57	15	37	17	49	48	22	4	26	24	53	43	61	25	54	5	47	32	20	6	33	45	58	7	30	40	36	8	35	34	28	9	51	18	63	10	60	29	41	11	50	12	44	13	
36.829132	128.353592	54.015347	4.329319	0.782101	0.175290	-0.597990	0.621531	-0.150266	0.768843	0.044912	-0.972981	-0.226472	0.173496	0.125881	0.072964	32	49	57	33	30	42	0	35	1	54	45	34	44	56	2	18	3	47	61	4	24	50	5	38	6	27	52	29	25	7	8	63	26	48	9	59	10	41	11	55	12	43	22	62	19	36	46	13	14	39	60	32	15	51	31	28	16	58	37	53	20	21	23	40	17	
36.829132	128.353592	54.015347	4.329319	0.782101	0.175290	-0.597990	-0.224241	-0.816169	-0.532526	-0.581407	0.550583	-0.599019	0.173496	0.125881	0.072964	32	20	19	21	58	52	53	0	50	28	27	22	54	62	14	1	13	51	38	2	55	43	31	3	45	46	61	17	44	18	4	5	34	24	32	29	63	6	41	7	23	33	36	47	57	26	35	8	42	39	60	16	15	37	56	9	10	48	59	25	30	11	49	12	40	
36.829132	128.353592	54.015347	4.329319	0.782101	0.175290	-0.597990	0.591234	-0.511915	0.623206	-0.196879	-0.840961	-0.504006	0.173496	0.125881	0.072964	32	32	62	23	28	40	22	0	1	36	57	33	46	37	44	26	2	27	58	19	14	54	43	50	3	25	53	30	21	12	4	63	5	61	16	41	17	55	6	38	7	59	29	51	24	49	39	8	9	35	56	47	15	34	45	42	10	60	48	52	18	13	31	20	11	
36.829132	128.353592	54.015347	4.329319	0.782101	0.175290	-0.597990	0.470787	0.462493	0.751305	0.408262	-0.869123	0.279191	0.173496	0.125881	0.072964	32	49	30	53	25	28	0	58	1	50	27	51	44	57	2	3	4	62	61	14	15	38	5	23	12	47	48	26	31	29	6	35	46	37	20	59	42	32	13	45	33	40	7	63	24	39	36	17	8	56	19	16	11	60	9	34	43	52	18	41	22	21	10	55	54	
133.007111	88.024063	53.397194	4.159656	0.792073	0.580325	0.189323	0.595407	-0.802864	-0.030016	0.134581	0.136500	-0.981456	0.246802	0.142093	0.037906	32	47	32	0	33	55	46	1	53	45	58	2	59	3	4	20	27	22	43	16	63	19	26	24	52	5	61	6	49	7	8	29	44	28	41	31	34	18	62	9	51	35	56	42	60	10	11	12	40	39	48	23	17	15	50	30	37	36	54	25	38	13	21	14	57	
133.007111	88.024063	53.397194	4.159656	0.792073	0.580325	0.189323	0.578221	-0.613875	-0.537419	-0.195657	0.535146	-0.821789	0.246802	0.142093	0.037906	32	52	46	0	49	51	26	20	56	16	47	1	60	15	2	25	34	23	45	44	53	3	18	39	43	4	54	21	58	5	6	35	48	31	27	22	42	19	29	17	63	38	57	33	61	7	8	9	28	32	36	10	55	11	41	24	59	37	40	30	62	12	13	14	50	
130.251495	141.802338	52.213688	4.116546	0.643974	-0.629266	-0.435111	-0.601183	-0.767974	0.220894	-0.473155	0.119331	-0.872860	0.219976	0.127102	0.023290	32	0	23	1	2	34	63	22	43	44	45	3	4	54	49	5	20	6	24	32	28	30	55	60	53	41	47	59	37	38	27	21	7	39	46	8	9	10	61	11	12	57	58	13	14	42	52	15	16	35	29	36	31	17	62	25	48	50	40	51	56	33	26	18	19	
130.251495	141.802338	52.213688	4.116546	0.643974	-0.629266	-0.435111	-0.027033	-0.587099	0.809064	-0.764570	-0.509254	-0.395087	0.219976	0.127102	0.023290	32	39	20	0	1	50	63	2	3	56	21	4	5	60	30	6	7	23	26	8	22	58	51	47	43	57	32	37	38	53	31	28	24	52	9	40	29	55	45	10	11	59	27	49	44	46	12	13	14	25	33	15	36	41	54	16	61	48	42	35	62	34	19	17	18	
130.251495	141.802338	52.213688	4.116546	-0.501680	0.003564	0.865046	-0.654318	0.652552	-0.382158	-0.565849	-0.757736	-0.325039	0.219976	0.127102	0.023290	32	53	29	60	32	0	1	47	2	50	54	43	35	34	38	44	28	3	4	61	40	5	6	39	7	33	45	57	58	8	9	10	11	55	12	41	13	14	15	59	27	16	48	26	31	17	46	52	56	21	18	51	19	22	24	63	20	42	62	49	36	23	25	37	30	
130.251495	141.802338	52.213688	4.116546	-0.501680	0.003564	0.865046	0.660636	0.647151	0.380467	-0.558460	0.762353	-0.327018	0.219976	0.127102	0.023290	32	0	1	52	41	2	33	3	59	50	29	4	21	43	57	5	48	26	28	51	62	6	7	8	45	47	31	54	40	36	32	34	46	9	25	10	56	11	35	22	63	60	39	44	53	12	27	23	30	24	42	13	61	14	15	16	37	49	58	38	55	17	18	19	20	
130.251495	141.802338	52.213688	4.116546	-0.501680	0.003564	0.865046	0.853807	0.162768	0.494491	-0.139039	0.986658	-0.084700	0.219976	0.127102	0.023290	32	0	19	36	39	1	62	2	49	58	28	30	3	38	56	27	24	4	26	40	63	5	42	6	45	37	29	47	32	43	53	35	44	20	46	7	59	8	22	9	57	50	52	41	60	10	23	11	21	31	48	12	61	13	25	14	34	55	51	54	33	15	16	17	18	
57.541901	32.706432	56.557991	4.487853	0.575510	0.674082	-0.463034	0.203347	0.430461	0.879405	0.792110	-0.600264	0.110662	0.164968	0.077310	0.012857	32	43	61	18	26	50	38	0	14	42	40	47	46	12	21	22	24	55	35	20	1	54	58	25	51	53	16	30	17	57	45	31	27	59	60	11	2	37	49	9	3	19	52	29	56	4	15	10	28	44	34	5	6	32	62	13	48	41	33	7	23	39	63	8	36	
103.200943	117.322647	54.902950	4.217749	0.634699	-0.633623	-0.442357	0.437933	-0.176712	0.881469	-0.636689	-0.753190	0.165326	0.264543	0.055708	0.042231	32	29	46	49	33	31	44	32	38	63	34	51	42	24	0	1	2	35	36	18	20	39	62	15	3	58	52	57	50	4	5	6	14	40	60	41	47	27	23	25	16	48	56	43	59	7	8	9	10	37	30	19	21	53	54	17	22	45	61	26	55	11	12	13	28	
103.200943	117.322647	54.902950	4.217749	0.634699	-0.633623	-0.442357	-0.605531	-0.052159	-0.794111	0.480094	0.771882	-0.416784	0.264543	0.055708	0.042231	32	16	18	21	44	13	26	45	58	43	17	60	55	30	0	1	2	50	32	56	36	19	25	35	20	57	29	59	40	3	4	5	6	23	22	39	34	7	28	61	38	51	62	48	53	8	14	9	15	41	47	46	54	37	42	27	31	49	52	33	63	10	11	12	24	
103.200943	117.322647	54.902950	4.217749	0.634699	-0.633623	-0.442357	0.601596	0.764435	-0.231783	0.485016	-0.119008	0.866370	0.264543	0.055708	0.042231	32	58	48	44	38	26	16	24	27	57	59	45	39	0	1	2	3	46	30	32	49	41	40	31	35	34	43	62	53	4	5	22	6	29	14	36	25	54	17	55	19	63	51	47	18	7	28	8	9	37	20	33	21	61	10	42	23	52	50	56	60	11	15	13	12	
103.200943	117.322647	54.902950	4.217749	0.634699	-0.633623	-0.442357	-0.436169	-0.766277	0.471779	-0.637898	-0.106495	-0.762722	0.264543	0.055708	0.042231	32	23	28	25	41	38	29	14	62	63	53	51	48	15	16	0	1	18	47	13	17	32	58	2	43	22	55	42	60	3	4	37	5	46	54	45	44	39	33	36	27	52	61	50	34	6	21	7	8	30	31	49	56	26	19	20	40	24	35	57	59	9	10	11	12	
103.200943	117.322647	54.902950	4.217749	0.634699	-0.633623	-0.442357	0.765311	0.594688	0.246260	0.107029	-0.494842	0.862366	0.264543	0.055708	0.042231	32	59	41	28	50	19	0	24	25	60	51	39	55	1	2	14	3	30	35	20	45	48	56	32	33	38	46	63	52	16	4	17	5	42	37	23	31	54	27	34	22	53	62	36	40	6	7	13	8	47	18	21	15	61	29	43	9	57	49	58	44	10	26	11	12	
103.200943	117.322647	54.902950	4.217749	0.634699	-0.633623	-0.442357	0.007382	-0.567441	0.823381	-0.772724	-0.525865	-0.355476	0.264543	0.055708	0.042231	32	24	25	40	38	32	47	34	57	62	36	51	50	0	21	1	2	22	48	15	17	43	60	3	29	56	59	35	54	4	5	6	31	20	58	53	44	27	26	23	7	42	61	55	49	8	16	9	10	19	39	33	46	30	52	18	28	37	41	45	63	11	12	13	14	
103.200943	117.322647	54.902950	4.217749	0.634699	-0.633623	-0.442357	-0.761476	-0.610288	-0.218411	-0.131575	0.475470	-0.869837	0.264543	0.055708	0.042231	32	15	26	18	45	12	46	31	61	43	58	49	57	0	1	24	2	28	27	37	41	20	33	22	54	38	35	63	53	3	13	4	5	44	21	36	29	32	34	56	48	51	62	47	39	6	16	7	17	50	30	42	59	25	23	14	19	55	40	52	60	8	9	10	11	
112.055916	81.863525	55.658466	4.548202	0.079490	0.581585	0.809593	0.686269	-0.620979	0.378708	0.722991	0.525495	-0.448485	0.389323	0.166577	0.074708	32	2	16	19	12	18	23	46	62	61	47	39	20	54	7	24	14	44	33	11	32	58	30	31	26	40	63	4	59	27	17	0	45	36	37	38	13	15	49	25	51	53	42	60	3	41	10	5	28	57	56	1	9	52	35	6	21	55	48	34	22	43	8	29	50	
112.055916	81.863525	55.658466	4.548202	0.079490	0.581585	0.809593	0.032322	-0.813240	0.581030	0.996311	-0.020019	-0.083442	0.389323	0.166577	0.074708	32	13	4	0	33	22	49	1	62	53	11	51	43	60	2	14	18	36	34	16	26	35	27	32	57	63	45	12	40	37	15	3	24	54	17	48	28	38	42	20	39	47	6	61	44	21	19	23	46	59	9	7	8	58	10	50	5	55	52	29	41	25	30	31	56	
112.055916	81.863525	55.658466	4.548202	0.079490	0.581585	0.809593	-0.864618	0.444420	-0.234364	-0.496102	-0.681359	0.538175	0.389323	0.166577	0.074708	32	0	17	53	58	29	16	35	43	13	42	41	57	48	34	1	37	6	33	31	23	59	39	47	7	4	55	50	52	18	8	12	51	22	11	38	44	5	20	36	60	56	28	62	27	45	40	10	21	14	15	25	2	49	61	24	3	9	32	63	54	19	26	30	46	
112.055916	81.863525	55.658466	4.548202	0.079490	0.581585	0.809593	0.022886	0.810884	-0.584759	-0.996573	0.065010	0.051147	0.389323	0.166577	0.074708	32	7	13	9	59	5	50	10	55	44	27	53	56	57	30	33	20	24	51	17	49	39	25	42	41	47	61	11	45	43	26	28	18	21	19	35	34	58	31	29	32	38	8	40	63	23	0	14	37	36	1	6	12	62	2	52	22	46	48	4	54	15	16	3	60	
112.055916	81.863525	55.658466	4.548202	-0.608941	-0.132974	-0.781991	-0.792064	0.048812	0.608484	-0.042743	0.989917	-0.135048	0.389323	0.166577	0.074708	32	0	1	3	57	54	18	41	61	26	30	20	51	25	32	15	49	28	14	4	22	63	55	8	35	47	29	40	43	27	38	9	19	7	10	16	31	58	6	60	42	39	52	11	23	45	53	44	12	5	13	2	62	59	34	36	56	46	24	21	48	37	17	33	50	
112.055916	81.863525	55.658466	4.548202	-0.608941	-0.132974	-0.781991	0.792135	-0.153389	-0.590756	-0.041393	-0.979178	0.198738	0.389323	0.166577	0.074708	32	62	0	12	5	51	34	42	59	48	16	19	46	54	33	26	39	25	14	11	7	38	61	6	57	30	13	50	35	18	45	52	37	29	3	10	24	40	8	58	63	43	36	27	49	17	9	41	21	56	4	1	2	60	44	23	55	53	31	28	22	47	15	32	20	
112.055916	81.863525	55.658466	4.548202	-0.608941	-0.132974	-0.781991	-0.635891	0.671154	0.381045	0.474167	0.729295	-0.493250	0.389323	0.166577	0.074708	32	0	1	56	11	55	59	49	28	39	18	40	44	13	12	46	33	9	16	2	57	41	62	47	53	48	32	34	45	20	27	22	31	5	3	19	4	52	26	63	30	24	36	17	54	29	8	37	35	10	15	14	60	61	43	38	6	42	21	7	50	51	23	25	58	
112.055916	81.863525	55.658466	4.548202	-0.608941	-0.132974	-0.781991	0.655252	-0.639918	-0.401434	-0.447030	-0.756850	0.476804	0.389323	0.166577	0.074708	32	60	12	17	10	6	39	42	61	48	7	23	38	59	25	18	52	0	20	5	1	29	63	26	50	53	15	37	24	34	36	11	28	57	2	16	9	54	41	62	44	49	40	30	47	32	21	27	22	13	58	3	4	31	51	55	56	45	43	19	33	35	46	8	14	
36.180405	115.771019	58.229271	4.600080	0.778038	0.431439	0.456637	0.626279	-0.475633	-0.617694	-0.049305	0.766572	-0.640263	0.346546	0.182976	0.032012	32	14	22	7	41	63	39	0	1	40	33	31	61	58	17	32	13	20	48	30	43	51	59	11	6	46	55	24	25	38	44	47	23	35	49	8	4	56	52	16	15	36	54	42	53	28	26	18	10	21	37	19	60	57	50	2	9	27	62	3	12	45	34	29	5	
89.811996	48.370316	58.930744	4.024223	0.606014	-0.541526	0.582663	0.389580	0.840683	0.376137	-0.693524	-0.000951	0.720434	0.292130	0.168194	0.076116	32	0	17	1	40	27	46	2	60	42	48	51	49	3	39	4	34	20	33	5	43	52	57	6	38	56	55	45	41	22	28	7	19	21	26	24	35	29	36	50	59	32	62	54	53	8	9	10	11	23	30	12	13	58	61	14	18	44	63	47	37	25	31	15	16	
89.811996	48.370316	58.930744	4.024223	0.606014	-0.541526	0.582663	0.381921	-0.444458	-0.810305	0.697770	0.713587	-0.062527	0.292130	0.168194	0.076116	32	28	24	29	31	33	58	56	39	62	52	44	51	16	0	15	1	23	26	12	2	54	57	34	3	49	46	42	60	35	18	22	4	11	5	32	6	30	20	63	38	55	25	61	40	17	7	37	14	45	43	19	8	47	48	50	9	59	27	53	41	36	21	13	10	
132.391327	48.386639	58.813465	3.984870	-0.628517	-0.182804	-0.756008	-0.559035	-0.569628	0.602498	-0.540782	0.801316	0.255828	0.169484	0.114788	0.055411	32	51	19	52	0	33	23	60	1	63	20	39	2	28	3	31	4	59	57	21	5	42	45	25	6	61	36	41	7	48	43	8	9	18	10	24	11	49	29	62	12	56	27	54	35	30	13	37	14	47	55	22	15	38	46	50	16	58	53	44	32	34	40	26	17	
132.391327	48.386639	58.813465	3.984870	-0.628517	-0.182804	-0.756008	-0.775581	0.220602	0.591447	0.058658	0.958080	-0.280431	0.169484	0.114788	0.055411	32	57	58	25	0	43	42	30	1	63	48	2	3	32	39	4	5	23	62	6	22	31	55	24	7	54	56	8	28	9	52	10	11	36	12	26	13	61	46	49	14	59	45	33	15	41	38	21	16	35	37	20	17	50	34	60	18	53	51	47	44	40	27	29	19	
132.391327	48.386639	58.813465	3.984870	-0.429246	-0.782281	0.451424	-0.784028	0.570864	0.243750	-0.448383	-0.249301	-0.858372	0.169484	0.114788	0.055411	32	29	41	0	1	47	63	2	3	59	58	44	45	30	32	4	5	25	36	6	35	31	61	7	28	52	54	46	48	26	40	8	9	55	37	10	11	51	49	12	13	60	56	14	33	39	15	16	17	57	42	18	19	53	38	20	21	62	43	22	34	50	27	23	24	
132.391327	48.386639	58.813465	3.984870	-0.429246	-0.782281	0.451424	-0.645094	-0.084274	-0.759441	0.632140	-0.617199	-0.468471	0.169484	0.114788	0.055411	32	0	25	1	39	2	47	3	61	44	52	49	55	4	30	5	36	45	51	6	33	41	53	7	42	54	58	8	50	9	40	10	26	11	34	12	37	13	57	14	59	35	63	31	56	15	27	16	28	17	60	18	32	19	46	20	38	29	62	21	48	22	43	23	24	
132.391327	48.386639	58.813465	3.984870	-0.429246	-0.782281	0.451424	-0.196524	0.568734	0.798699	-0.881547	0.254122	-0.397865	0.169484	0.114788	0.055411	32	38	32	29	0	62	44	28	1	63	43	30	2	23	3	4	5	22	36	6	7	59	57	41	8	58	51	46	45	35	26	9	10	61	34	52	11	37	25	42	12	53	40	60	13	14	15	49	16	24	39	31	17	50	47	48	18	56	54	55	19	33	20	27	21	
147.324829	68.247650	57.760963	4.030830	-0.837458	0.246638	0.487682	-0.280074	0.572581	-0.770525	-0.469279	-0.781869	-0.410436	0.154814	0.031504	0.012618	32	55	44	52	49	0	1	2	3	40	48	45	58	32	4	5	6	63	53	36	33	7	8	9	10	51	61	11	28	12	27	13	30	56	54	46	42	14	15	16	17	60	31	50	43	18	34	19	35	62	59	39	20	21	22	23	24	57	41	38	37	25	29	26	47	
41.525948	73.351799	60.721672	3.914109	-0.614416	-0.442716	0.653067	0.770172	-0.156879	0.618244	-0.171253	0.882832	0.437355	0.226341	0.164043	0.023390	32	50	30	0	24	56	58	1	2	42	52	48	39	40	37	3	4	57	20	27	35	55	54	23	21	61	45	5	6	38	47	7	8	32	28	25	9	46	63	10	11	51	60	41	12	34	26	13	14	33	31	36	49	59	43	15	22	62	44	16	17	53	29	18	19	
41.525948	73.351799	60.721672	3.914109	0.505440	-0.200785	0.839176	0.829345	0.381471	-0.408247	-0.238151	0.902311	0.359331	0.226341	0.164043	0.023390	32	35	37	52	56	22	28	0	1	36	58	51	53	32	2	3	4	49	50	57	20	5	42	6	7	47	60	43	29	8	9	27	45	34	40	48	61	10	21	33	11	54	25	55	59	38	12	13	14	46	63	26	24	15	31	16	17	62	39	30	23	18	19	44	41	
41.525948	73.351799	60.721672	3.914109	0.505440	-0.200785	0.839176	-0.822193	-0.407130	0.397800	0.261780	-0.891028	-0.370863	0.226341	0.164043	0.023390	32	0	27	63	44	1	2	33	3	24	32	42	62	40	45	21	19	61	49	39	31	4	29	22	5	59	56	26	51	6	7	8	38	9	57	53	48	10	11	41	12	25	43	60	46	47	30	13	20	54	52	37	35	14	15	28	23	50	55	58	36	16	17	18	34	
141.441544	119.707718	58.079170	4.213791	-0.769444	0.039548	0.637488	-0.627695	-0.231412	-0.743267	0.118128	-0.972052	0.202883	0.276521	0.077028	0.028468	32	63	32	0	24	56	40	1	2	35	38	45	55	41	3	54	22	44	25	30	4	62	34	5	6	37	47	33	28	46	27	43	36	53	17	51	23	52	50	7	8	29	21	61	26	9	10	58	11	31	42	20	18	60	49	12	13	57	14	39	15	59	16	48	19	
46.512390	129.602844	59.460495	4.405859	-0.804962	-0.163359	-0.570394	0.423509	-0.831489	-0.359537	-0.415541	-0.530981	0.738501	0.324852	0.106399	0.055546	32	21	20	19	51	50	14	26	54	53	33	45	59	16	25	0	28	62	1	31	15	41	2	47	34	63	37	24	3	4	40	5	6	32	27	36	23	58	49	18	7	57	30	55	44	42	35	8	29	48	39	38	9	56	61	22	10	52	60	11	12	46	43	17	13	
125.435013	51.707737	60.490528	3.843456	-0.638128	-0.177635	-0.749158	-0.762653	0.012381	0.646688	-0.105599	0.984019	-0.143374	0.239817	0.110704	0.077084	32	36	61	33	0	37	47	44	1	57	55	39	48	41	21	27	2	38	62	3	4	26	54	5	6	50	60	15	16	43	28	34	30	42	7	32	8	52	40	53	9	58	45	51	29	20	49	10	11	63	25	12	13	46	19	23	18	59	35	17	31	24	22	14	56	
125.435013	51.707737	60.490528	3.843456	-0.638128	-0.177635	-0.749158	-0.586393	-0.518411	0.622409	-0.498933	0.836478	0.226648	0.239817	0.110704	0.077084	32	38	42	44	0	33	19	61	1	55	52	51	47	49	2	18	3	45	58	4	5	46	56	6	7	62	35	39	8	32	31	41	29	50	9	40	10	48	34	54	11	60	21	53	27	36	37	12	24	63	20	26	13	43	17	14	15	59	25	16	28	23	30	22	57	
125.435013	51.707737	60.490528	3.843456	-0.638128	-0.177635	-0.749158	-0.652329	0.641589	0.403522	0.408973	0.746196	-0.525293	0.239817	0.110704	0.077084	32	19	59	0	50	22	57	1	39	46	61	2	41	38	36	29	23	26	63	3	4	5	44	6	7	20	60	21	30	33	27	51	32	42	35	8	25	62	31	9	10	55	53	47	43	11	48	12	13	49	54	14	15	52	45	16	17	58	56	34	24	18	40	37	28	
134.483795	65.082253	59.662731	4.397829	0.601904	0.208174	0.770957	-0.795320	0.069279	0.602217	0.071954	-0.975635	0.207264	0.263065	0.173560	0.069542	32	26	24	50	51	39	52	0	19	18	42	49	57	32	59	1	2	22	31	3	17	29	63	4	5	54	62	30	47	16	43	6	7	53	27	23	58	45	33	8	9	56	34	35	41	44	40	10	28	55	36	11	20	37	60	12	13	61	46	21	25	14	48	15	38	
134.483795	65.082253	59.662731	4.397829	0.601904	0.208174	0.770957	-0.579793	-0.549957	0.601156	0.549138	-0.808833	-0.210323	0.263065	0.173560	0.069542	32	24	25	39	29	40	59	0	48	26	49	60	51	1	44	2	3	30	47	21	19	4	63	5	22	52	62	31	42	6	38	7	20	27	33	57	54	8	45	9	28	34	41	50	32	10	61	11	12	55	46	13	37	14	53	15	35	56	43	18	36	16	23	17	58	
134.483795	65.082253	59.662731	4.397829	0.601904	0.208174	0.770957	0.652029	0.429273	-0.624966	-0.461053	0.878856	0.122646	0.263065	0.173560	0.069542	32	37	0	38	55	29	1	54	18	33	22	39	57	58	2	23	3	56	52	36	30	25	4	44	5	42	49	47	35	6	7	60	8	17	21	40	28	16	9	63	19	34	32	62	53	20	10	41	11	31	45	24	27	46	12	59	43	51	61	50	26	13	14	48	15	
114.951744	108.244041	59.569977	3.853229	0.652465	0.422479	0.629127	0.746507	-0.215415	-0.629542	-0.130445	0.880402	-0.455936	0.373995	0.063912	0.042403	32	28	20	42	58	52	31	33	23	29	43	41	63	0	1	2	3	26	22	15	4	60	51	5	6	54	56	61	53	27	24	21	7	44	48	47	8	45	36	38	9	35	62	55	34	13	32	10	11	17	12	30	19	46	49	37	39	40	59	57	50	14	25	16	18	
114.951744	108.244041	59.569977	3.853229	0.652465	0.422479	0.629127	-0.600647	-0.217891	0.769251	0.462074	-0.879792	0.111595	0.373995	0.063912	0.042403	32	28	38	17	37	30	36	40	51	50	53	60	43	10	11	16	14	21	46	52	41	12	31	39	42	58	57	49	34	0	1	2	3	4	5	24	9	29	15	62	33	44	61	59	48	23	22	35	18	25	54	26	27	13	32	45	55	63	56	47	20	19	6	7	8	
114.951744	108.244041	59.569977	3.853229	0.652465	0.422479	0.629127	-0.572226	0.818941	0.043507	-0.496836	-0.388390	0.776084	0.373995	0.063912	0.042403	32	0	10	13	24	16	11	36	61	55	52	49	59	17	12	25	30	31	38	19	27	33	50	22	39	42	54	58	53	18	1	2	23	46	32	20	26	29	51	14	57	63	35	62	48	3	4	5	15	47	40	41	45	28	43	21	37	60	34	56	44	6	7	8	9	
114.951744	108.244041	59.569977	3.853229	0.652465	0.422479	0.629127	0.613073	0.193722	-0.765907	-0.445456	0.885427	-0.132614	0.373995	0.063912	0.042403	32	28	24	53	35	54	46	34	13	23	48	55	63	0	1	2	18	9	25	3	4	39	62	17	27	47	59	61	44	19	33	22	20	41	52	49	21	42	37	26	14	31	51	57	58	5	6	7	8	32	16	38	29	50	40	36	30	43	60	56	45	10	15	12	11	
116.622131	62.014793	61.145363	4.354990	-0.524946	-0.134072	0.840510	0.851063	-0.095651	0.516279	0.011178	0.986344	0.164316	0.390670	0.219354	0.034508	32	53	25	0	1	40	58	28	30	45	37	63	19	10	38	15	18	29	23	60	21	22	55	32	13	57	50	35	11	2	52	3	20	39	49	4	5	43	51	34	36	47	59	41	46	16	17	12	31	27	24	48	6	56	54	7	8	44	42	14	26	33	61	9	62	
116.622131	62.014793	61.145363	4.354990	0.789895	0.037314	-0.612106	0.609939	-0.151266	0.777877	-0.063565	-0.987789	-0.142243	0.390670	0.219354	0.034508	32	28	19	33	26	62	35	17	11	43	48	38	50	52	45	0	1	42	29	63	2	46	47	37	9	53	59	18	8	3	25	4	51	31	22	27	23	44	57	15	49	54	40	41	36	21	58	12	5	55	39	34	6	30	60	10	24	56	20	14	16	7	32	13	61	
116.622131	62.014793	61.145363	4.354990	0.800639	-0.204100	0.563311	0.593212	0.138039	-0.793124	0.084117	0.969169	0.231594	0.390670	0.219354	0.034508	32	12	39	49	38	15	21	61	14	22	51	62	35	0	23	37	8	46	54	56	9	32	30	1	2	24	55	36	17	29	18	58	27	19	20	53	57	11	28	33	41	40	60	48	25	3	63	16	26	47	52	45	44	34	42	4	5	59	43	31	13	10	6	50	7	
116.622131	62.014793	61.145363	4.354990	0.800639	-0.204100	0.563311	-0.577826	-0.014456	0.816032	-0.158409	-0.978843	-0.129508	0.390670	0.219354	0.034508	32	49	44	40	55	0	1	25	45	9	33	32	59	2	54	3	14	63	38	15	22	42	19	26	20	39	46	61	41	30	4	62	5	13	53	52	50	6	7	24	34	17	29	56	28	27	58	21	16	48	47	35	11	37	57	12	18	43	60	51	23	10	36	31	8	
87.076096	137.888641	60.869030	4.562848	-0.884180	0.204630	-0.419943	-0.217711	0.614858	0.757992	0.413314	0.761628	-0.499095	0.302050	0.074100	0.048315	32	37	23	33	21	50	0	59	1	55	29	36	48	61	27	16	2	44	42	24	18	57	3	53	4	54	63	20	35	32	26	5	6	19	56	17	7	39	30	51	8	25	49	46	40	45	58	38	9	34	28	22	10	52	11	62	12	41	60	43	47	15	13	31	14	
87.076096	137.888641	60.869030	4.562848	-0.884180	0.204630	-0.419943	0.464199	0.284032	-0.838955	-0.052398	-0.936724	-0.346124	0.302050	0.074100	0.048315	32	18	31	0	42	38	61	1	47	30	37	40	63	2	14	3	16	15	22	4	48	55	59	5	20	49	27	53	52	39	34	6	24	26	35	33	28	41	60	7	8	45	36	50	58	9	32	10	56	21	19	11	57	44	51	12	46	43	25	23	54	17	29	13	62	
101.678825	62.247536	62.504505	4.307365	0.595983	0.143752	0.790025	0.472293	-0.858430	-0.200091	0.649417	0.492376	-0.579503	0.329367	0.076210	0.028582	32	39	32	26	0	22	1	60	2	61	42	43	51	52	33	3	4	50	62	40	5	21	6	45	7	59	58	38	35	37	8	9	10	30	23	28	25	34	11	54	24	48	56	36	57	41	12	13	14	46	47	29	44	31	15	49	20	55	53	27	63	16	17	18	19	
50.667004	44.109974	65.387550	4.126672	-0.573306	-0.776383	0.261819	-0.201657	0.443422	0.873334	-0.794138	0.447890	-0.410779	0.325288	0.106057	0.074153	32	17	48	20	21	26	56	0	58	60	51	41	40	1	36	2	24	34	31	3	4	45	62	5	38	27	63	6	47	7	39	19	25	33	44	29	18	54	52	8	9	37	57	49	42	10	55	11	12	50	22	16	13	53	59	14	35	61	46	30	32	28	43	23	15	
50.667004	44.109974	65.387550	4.126672	-0.573306	-0.776383	0.261819	-0.558175	0.604012	0.568867	-0.599801	0.179994	-0.779641	0.325288	0.106057	0.074153	32	0	32	12	18	23	45	31	63	56	57	36	48	1	17	2	19	38	43	3	4	29	62	5	37	16	61	24	40	13	39	21	34	28	46	25	27	30	54	6	53	42	60	47	35	7	55	8	22	41	26	14	9	49	59	10	51	58	52	44	33	15	50	11	20	
50.667004	44.109974	65.387550	4.126672	-0.573306	-0.776383	0.261819	0.785366	-0.429657	0.445639	-0.233495	0.461111	0.856070	0.325288	0.106057	0.074153	32	45	19	35	29	53	0	52	1	57	43	37	49	56	2	3	4	48	22	17	18	55	58	24	5	51	40	60	41	32	25	6	7	28	8	50	16	59	34	54	9	46	36	61	30	47	10	26	21	31	11	33	12	62	39	42	13	63	44	23	14	38	27	15	20	
38.735817	79.015160	64.712219	4.202575	0.811826	0.184161	0.554097	-0.566196	0.480191	0.669954	-0.142693	-0.857614	0.494103	0.243296	0.160266	0.076255	32	33	38	59	50	39	37	0	1	36	42	55	54	51	2	27	3	49	61	4	31	56	44	5	6	47	62	18	23	45	17	19	26	60	28	40	30	53	7	8	9	63	34	32	46	35	10	11	12	57	52	41	48	29	21	13	14	58	43	24	25	22	15	20	16	
38.735817	79.015160	64.712219	4.202575	0.811826	0.184161	0.554097	-0.386546	-0.541735	0.746395	0.437631	-0.820126	-0.368607	0.243296	0.160266	0.076255	32	25	57	19	44	0	61	1	28	34	62	24	47	38	52	15	2	30	56	43	54	3	42	4	5	26	59	14	20	32	22	27	6	49	33	63	18	35	36	7	8	50	39	60	29	40	46	9	17	58	51	23	45	41	31	10	11	53	55	37	48	16	21	12	13	
95.744720	81.817368	63.417004	4.286077	-0.798512	0.598463	-0.064979	-0.270009	-0.452543	-0.849882	-0.538029	-0.661095	0.522951	0.398738	0.075437	0.061755	32	26	35	29	25	51	57	49	41	52	46	55	58	0	1	2	3	40	38	4	5	47	45	34	23	53	61	6	48	7	30	8	9	10	33	11	24	37	63	31	54	12	62	13	60	27	32	14	15	16	39	17	18	56	42	28	36	19	44	20	59	50	43	21	22	
95.744720	81.817368	63.417004	4.286077	-0.798512	0.598463	-0.064979	0.601965	0.794597	-0.079091	0.004300	-0.102271	-0.994748	0.398738	0.075437	0.061755	32	27	0	25	1	56	48	55	2	60	57	20	3	32	4	41	5	36	31	26	24	49	46	61	44	59	54	37	51	6	7	8	9	30	10	43	11	33	28	58	23	62	38	34	12	47	13	50	14	29	15	45	16	42	40	52	39	53	17	63	35	21	18	22	19	
95.744720	81.817368	63.417004	4.286077	-0.798512	0.598463	-0.064979	0.393248	0.436858	-0.809019	-0.455780	-0.671564	-0.584180	0.398738	0.075437	0.061755	32	29	37	20	0	62	53	34	40	30	63	21	41	27	1	2	3	38	23	28	4	56	47	43	52	57	54	50	49	25	5	6	7	45	22	8	9	59	46	10	35	36	61	24	11	51	31	44	12	48	13	26	14	55	19	33	32	58	60	15	16	42	39	17	18	
110.170219	42.397831	64.777313	4.173138	-0.804087	0.568776	0.173025	-0.210233	-0.544267	0.812142	0.556100	0.616657	0.557214	0.311255	0.184346	0.101644	32	27	29	32	23	42	63	33	0	48	51	44	45	41	36	13	1	22	18	47	37	55	54	2	3	62	31	38	17	49	28	19	4	39	26	25	5	61	6	58	7	57	56	20	30	50	12	40	21	35	8	43	52	59	9	14	16	60	34	10	24	46	11	15	53	
110.170219	42.397831	64.777313	4.173138	-0.804087	0.568776	0.173025	0.445225	0.383238	0.809261	0.393979	0.727751	-0.561390	0.311255	0.184346	0.101644	32	24	13	38	20	31	61	0	53	49	58	36	29	33	48	1	22	39	28	56	2	12	57	10	3	8	60	27	15	16	41	52	11	42	30	19	26	47	50	4	59	37	55	44	46	25	43	5	14	34	35	32	21	62	54	6	7	18	63	23	45	40	51	17	9	
110.170219	42.397831	64.777313	4.173138	-0.804087	0.568776	0.173025	-0.551896	-0.822340	0.138449	0.221032	0.015833	0.975138	0.311255	0.184346	0.101644	32	12	16	51	20	53	31	63	0	57	52	38	39	43	13	41	11	17	21	1	23	62	46	48	2	50	32	55	49	44	15	36	3	18	4	33	47	40	5	61	6	60	22	34	7	24	35	54	29	19	10	30	58	56	8	26	9	59	14	37	27	45	28	25	42	
110.170219	42.397831	64.777313	4.173138	0.820687	-0.008951	0.571308	-0.562999	0.157941	0.811226	-0.097494	-0.987408	0.124581	0.311255	0.184346	0.101644	32	48	37	32	47	43	56	14	0	33	53	54	58	27	18	1	2	52	41	3	16	34	62	4	5	61	45	40	25	19	44	46	6	35	13	63	26	22	42	21	7	51	29	57	28	23	31	8	39	60	49	36	17	9	55	10	11	59	30	24	20	12	50	15	38	
132.272415	69.458733	63.664104	4.129164	0.585420	0.228655	0.777818	-0.780222	0.419606	0.463878	-0.220309	-0.878435	0.424047	0.243271	0.179320	0.038779	32	24	27	45	51	53	52	0	1	40	54	35	60	41	44	2	3	43	14	37	11	63	42	26	4	58	50	34	15	38	22	5	12	62	18	28	31	49	48	6	7	61	55	30	32	19	47	8	9	57	17	36	29	46	56	13	16	59	39	23	33	25	21	10	20	
28.896564	120.150635	65.275116	4.065334	0.827278	0.365268	0.426838	-0.254669	-0.433400	0.864470	0.500754	-0.823860	-0.265520	0.240698	0.075191	0.053336	32	50	0	57	1	23	2	55	3	62	28	54	34	4	5	20	18	63	46	38	6	24	7	32	8	58	52	45	15	35	39	41	19	48	9	36	10	43	11	59	27	44	53	40	56	29	12	37	31	47	60	21	16	26	17	49	30	42	61	13	14	22	51	25	33	
28.896564	120.150635	65.275116	4.065334	0.827278	0.365268	0.426838	0.560528	-0.587617	-0.583536	0.037670	0.722002	-0.690865	0.240698	0.075191	0.053336	32	22	63	0	59	26	32	1	20	38	44	2	58	48	29	28	43	30	23	3	57	55	33	4	21	11	27	39	60	31	18	36	45	42	61	5	35	46	40	6	7	47	62	8	51	10	14	13	17	34	52	9	12	56	49	15	24	41	50	54	53	37	19	16	25	
44.662735	121.477463	65.018707	4.527164	-0.779537	-0.201523	-0.593052	0.595078	-0.533750	-0.600826	-0.195461	-0.821279	0.536000	0.310105	0.202417	0.027827	32	25	34	27	31	53	58	0	13	56	38	55	39	42	15	21	20	45	33	54	1	51	50	37	2	60	41	12	3	48	32	22	4	17	47	30	28	5	61	6	40	44	62	49	35	7	24	29	46	36	57	18	8	26	63	9	10	59	43	16	11	19	52	14	23	
96.802597	121.532471	63.766998	4.067646	0.242964	0.560979	0.791373	-0.151502	-0.783863	0.602168	0.958131	-0.266200	-0.105461	0.215789	0.033789	0.028851	32	28	55	34	49	25	46	35	44	56	29	61	36	26	0	27	1	37	54	39	60	41	43	22	2	63	40	45	3	32	4	23	5	31	48	42	47	20	30	21	24	58	51	52	50	6	7	8	9	53	57	33	38	19	10	11	12	62	59	13	14	15	16	17	18	
96.802597	121.532471	63.766998	4.067646	0.242964	0.560979	0.791373	0.411070	-0.798487	0.439816	0.878630	0.218450	-0.424606	0.215789	0.033789	0.028851	32	22	38	29	60	30	52	32	50	62	49	48	17	24	35	21	0	43	57	41	59	1	31	2	3	61	58	27	28	4	19	5	6	45	42	47	51	25	23	20	40	54	53	56	37	7	8	9	10	39	55	33	46	26	18	11	16	36	63	34	44	12	13	14	15	
