# featExtract 1.1
Features: 2880
Scale-space location[x y z scale] orientation[o11 o12 o13 o21 o22 o23 o31 o32 o32] 2nd moment eigenvalues[e1 e2 e3] info flag[i1] descriptor[d1 .. d64]
85.780090	74.319443	19.863798	4.258701	-0.222095	0.972086	-0.075648	-0.915855	-0.234605	-0.325838	0.334490	0.003085	-0.942394	0.335529	0.182110	0.024199	0	20	32	0	1	59	48	54	21	57	53	52	29	38	28	30	16	45	50	51	2	22	55	14	3	4	60	5	6	43	39	58	7	17	8	18	9	46	44	61	26	31	42	56	49	15	13	41	10	34	47	23	11	36	62	40	19	27	63	24	25	33	37	35	12	
85.780090	74.319443	19.863798	4.258701	-0.851367	-0.451650	0.266808	-0.510782	0.829600	-0.225535	-0.119481	-0.328294	-0.936989	0.335529	0.182110	0.024199	32	0	1	2	23	38	55	54	51	50	30	45	58	11	22	14	41	19	33	16	20	27	63	3	4	57	43	21	24	28	59	5	26	6	25	7	29	49	53	31	61	34	62	32	47	18	35	13	40	12	44	8	36	60	56	9	17	42	46	15	37	48	52	10	39	
85.780090	74.319443	19.863798	4.258701	-0.524988	0.824395	-0.211566	0.844370	0.473263	-0.251119	-0.106896	-0.310474	-0.944552	0.335529	0.182110	0.024199	32	13	21	50	32	15	40	37	58	27	59	57	45	0	24	29	23	41	55	1	2	56	52	3	22	26	63	18	28	4	5	16	20	19	42	33	62	14	39	30	46	48	53	43	47	6	38	7	35	49	54	8	31	34	60	9	25	61	51	12	44	10	17	11	36	
85.780090	74.319443	19.863798	4.258701	-0.524988	0.824395	-0.211566	-0.831941	-0.444599	0.331972	0.179614	0.350291	0.919258	0.335529	0.182110	0.024199	32	31	0	57	40	32	7	61	10	44	9	55	59	35	13	14	1	62	41	34	17	38	46	39	11	45	48	52	47	42	18	37	2	15	3	56	30	22	20	53	50	36	23	63	25	16	19	4	5	29	51	27	8	54	49	43	12	33	58	60	28	21	24	26	6	
71.290344	114.630798	37.716652	4.275740	-0.746243	-0.282012	-0.602984	0.105753	0.844097	-0.525657	0.657220	-0.456036	-0.600078	0.190283	0.028528	0.019597	0	0	1	39	2	60	3	48	4	5	6	51	7	43	8	52	9	10	11	12	13	63	14	53	15	16	17	18	19	55	20	40	21	22	23	24	25	59	42	57	26	27	28	54	29	45	44	62	46	30	31	32	33	61	47	50	41	34	35	36	37	58	49	56	38	
71.290344	114.630798	37.716652	4.275740	-0.678174	0.378100	0.630175	-0.599106	-0.781062	-0.176108	0.425619	-0.496973	0.756218	0.190283	0.028528	0.019597	32	44	49	36	35	0	1	2	3	58	62	45	41	4	5	6	7	46	38	52	42	8	9	10	11	50	47	59	55	12	13	14	15	56	39	16	17	43	18	19	20	57	63	34	21	22	23	24	25	60	37	54	26	53	27	40	28	61	51	48	29	30	31	32	33	
71.290344	114.630798	37.716652	4.275740	-0.678174	0.378100	0.630175	0.577701	-0.255746	0.775149	0.454248	0.889738	-0.044988	0.190283	0.028528	0.019597	32	49	54	39	36	0	32	1	2	56	57	53	46	3	4	5	6	42	62	34	40	7	55	8	9	38	61	35	58	10	11	12	13	41	45	44	52	14	15	16	17	48	59	50	60	18	19	20	21	22	51	23	43	24	37	25	26	33	47	27	63	28	29	30	31	
71.290344	114.630798	37.716652	4.275740	-0.678174	0.378100	0.630175	0.069756	-0.820505	0.567367	0.731583	0.428732	0.530071	0.190283	0.028528	0.019597	32	50	40	42	44	0	1	2	3	57	52	55	56	4	5	6	7	60	45	8	9	47	10	11	12	62	54	39	13	14	15	16	17	37	46	18	41	19	36	20	21	43	61	22	59	23	24	25	26	49	58	27	28	48	53	29	30	38	63	31	51	32	33	34	35	
71.290344	114.630798	37.716652	4.275740	-0.678174	0.378100	0.630175	-0.734829	-0.360895	-0.574266	0.010297	-0.852523	0.522588	0.190283	0.028528	0.019597	32	48	41	36	0	35	1	2	3	61	59	43	4	5	6	7	8	42	49	50	46	9	10	11	12	52	57	56	53	13	14	15	16	58	17	51	18	45	19	55	20	63	47	39	21	22	23	24	25	40	26	60	27	28	29	44	30	54	37	62	38	31	32	33	34	
71.290344	114.630798	37.716652	4.275740	-0.678174	0.378100	0.630175	-0.635763	0.128273	-0.761151	-0.368626	-0.916835	0.153390	0.190283	0.028528	0.019597	32	46	0	48	1	2	3	37	4	63	42	41	33	5	6	7	8	52	44	47	40	9	10	11	12	58	53	57	49	13	14	15	16	43	17	62	34	18	19	56	20	61	21	59	36	22	23	24	25	38	39	54	50	26	27	35	28	45	51	60	55	29	30	31	32	
116.624367	118.634781	40.541977	3.787593	-0.940327	0.256681	-0.223383	-0.231501	-0.001448	0.972834	-0.249385	-0.966495	-0.060784	0.164397	0.085065	0.023908	0	57	60	25	26	30	0	1	2	58	56	40	36	44	3	29	4	55	45	46	52	21	5	6	7	49	31	53	35	27	8	62	9	47	37	41	32	50	10	39	28	63	51	20	11	22	12	13	14	54	33	59	48	24	15	16	17	61	34	42	43	19	18	38	23	
116.624367	118.634781	40.541977	3.787593	0.822166	0.354341	0.445517	0.539843	-0.237051	-0.807698	-0.180590	0.904571	-0.386184	0.164397	0.085065	0.023908	32	26	37	32	58	33	22	23	35	62	45	40	46	27	0	1	2	59	44	49	39	3	4	5	6	50	57	51	31	7	8	42	41	29	47	28	63	9	10	11	12	36	60	43	53	13	14	15	16	56	55	24	54	17	18	19	38	30	52	34	61	20	21	25	48	
116.624367	118.634781	40.541977	3.787593	0.822166	0.354341	0.445517	-0.527215	0.178828	0.830702	0.214681	-0.917858	0.333840	0.164397	0.085065	0.023908	32	55	23	57	53	33	0	1	2	62	39	52	30	46	24	3	4	63	31	43	28	5	6	7	8	54	45	61	36	9	10	11	12	37	50	48	58	13	14	15	16	32	51	56	47	41	44	17	18	59	34	35	25	38	22	26	29	42	40	49	60	19	20	21	27	
116.828209	70.157814	41.611805	3.947052	-0.603587	0.778041	0.174172	-0.268482	-0.404038	0.874454	-0.750733	-0.481047	-0.452762	0.153845	0.041162	0.021964	0	29	36	0	31	38	56	1	55	2	3	4	35	47	41	39	62	25	28	24	26	5	45	37	61	6	7	8	32	50	34	58	63	9	10	11	12	46	60	13	48	14	15	16	49	51	42	30	54	17	18	19	20	40	52	27	59	21	22	23	33	57	44	43	53	
116.828209	70.157814	41.611805	3.947052	-0.846041	0.392602	0.360663	-0.460155	-0.196160	-0.865897	-0.269206	-0.898546	0.346617	0.153845	0.041162	0.021964	32	57	26	42	30	59	0	1	2	54	50	27	33	55	25	3	4	63	35	49	5	58	36	6	7	60	46	8	9	37	29	10	11	48	43	12	34	53	52	13	14	31	56	15	39	47	45	16	17	32	51	41	38	40	61	18	19	28	62	20	21	24	44	22	23	
52.506618	127.515511	41.552059	4.128940	0.026719	0.267992	0.963051	0.608219	0.760194	-0.228417	-0.793320	0.591849	-0.142686	0.134757	0.056781	0.029915	0	37	0	55	1	36	2	61	38	3	4	54	5	45	34	57	28	29	6	62	7	40	8	59	31	25	9	63	10	39	11	53	22	33	12	48	27	30	24	60	20	13	14	49	15	52	35	42	43	32	16	56	51	44	17	46	26	23	18	50	21	41	19	47	58	
52.506618	127.515511	41.552059	4.128940	-0.340335	-0.850342	0.401362	0.791239	-0.028358	0.610849	-0.508049	0.525466	0.682475	0.134757	0.056781	0.029915	32	63	49	33	48	0	1	2	3	45	46	40	52	50	4	32	5	59	58	44	23	25	6	29	7	56	42	57	24	34	8	39	9	62	47	27	31	10	11	12	13	60	53	30	43	26	41	14	15	61	38	37	51	16	17	18	19	54	36	35	55	20	21	28	22	
52.506618	127.515511	41.552059	4.128940	-0.090251	-0.803588	0.588303	-0.047770	0.593527	0.803395	-0.994773	0.044404	-0.091954	0.134757	0.056781	0.029915	32	48	63	42	41	27	0	1	2	57	43	38	34	49	25	3	4	56	59	33	24	5	6	30	7	37	50	58	8	26	9	35	10	45	62	60	39	11	12	13	14	40	52	55	31	32	44	15	16	46	61	29	47	17	18	19	20	53	51	36	54	21	22	28	23	
52.506618	127.515511	41.552059	4.128940	-0.090251	-0.803588	0.588303	-0.643176	-0.403979	-0.650481	0.760381	-0.437089	-0.480389	0.134757	0.056781	0.029915	32	36	28	50	63	0	1	2	3	49	34	33	55	41	24	4	5	46	37	54	61	6	7	8	9	44	42	56	51	10	11	32	27	12	38	62	60	13	14	15	16	26	53	40	57	17	31	18	29	47	59	48	58	19	20	21	22	43	52	30	39	23	35	25	45	
52.506618	127.515511	41.552059	4.128940	0.530276	-0.594904	0.604066	-0.423513	0.431360	0.796596	-0.734468	-0.678246	-0.023210	0.134757	0.056781	0.029915	32	63	41	40	39	0	1	2	3	52	44	32	43	50	36	31	4	57	58	47	33	5	6	25	7	49	48	29	8	26	9	62	10	56	55	61	24	21	27	11	12	54	34	46	13	51	42	14	15	60	45	53	35	16	17	18	19	59	23	38	28	30	22	37	20	
52.506618	127.515511	41.552059	4.128940	0.530276	-0.594904	0.604066	-0.617463	-0.759233	-0.205681	0.580987	-0.263921	-0.769935	0.134757	0.056781	0.029915	32	51	44	37	60	25	0	1	2	30	46	3	50	59	33	4	5	45	61	40	47	6	7	8	9	26	58	29	32	27	28	10	34	35	63	38	55	11	12	13	14	31	49	41	53	15	52	16	42	48	62	17	56	18	23	19	24	36	57	20	39	21	54	22	43	
52.506618	127.515511	41.552059	4.128940	0.530276	-0.594904	0.604066	-0.797894	-0.591072	0.118319	0.286658	-0.544723	-0.788102	0.134757	0.056781	0.029915	32	38	62	33	48	26	0	1	2	32	53	3	42	59	25	4	5	55	60	36	35	6	7	8	9	44	58	28	10	45	31	11	12	51	63	39	37	13	14	15	16	40	52	43	41	30	56	17	27	61	50	18	57	19	20	21	29	47	54	22	34	23	49	24	46	
128.776932	134.474442	42.376472	3.863197	-0.578786	0.137761	-0.803759	-0.613810	0.575308	0.540609	0.536884	0.806252	-0.248421	0.149091	0.036568	0.022676	0	37	0	1	2	48	3	55	57	4	5	47	6	7	8	59	53	9	10	42	11	44	12	63	49	13	14	39	15	38	16	61	36	17	18	43	34	52	19	58	50	35	20	56	21	22	23	54	33	24	25	26	41	51	27	60	40	28	29	46	30	45	31	62	32	
128.776932	134.474442	42.376472	3.863197	-0.475285	-0.649069	0.593981	-0.420106	-0.425758	-0.801399	0.773055	-0.630428	-0.070321	0.149091	0.036568	0.022676	32	44	54	37	60	0	1	2	3	40	38	33	63	35	4	5	6	51	42	62	43	7	8	9	10	49	61	31	48	11	12	13	14	47	57	53	39	15	16	17	18	46	32	59	45	19	20	21	22	55	56	41	50	23	24	25	26	52	58	36	34	27	28	29	30	
128.776932	134.474442	42.376472	3.863197	-0.475285	-0.649069	0.593981	-0.538624	0.748465	0.386890	-0.695693	-0.136049	-0.705338	0.149091	0.036568	0.022676	32	57	39	44	56	0	1	2	3	31	48	37	60	4	5	6	7	62	46	43	36	8	9	10	11	58	52	35	38	12	13	33	14	45	51	61	49	15	16	17	18	41	40	63	32	19	20	21	22	42	54	47	59	23	24	25	26	53	55	50	34	27	28	30	29	
128.776932	134.474442	42.376472	3.863197	-0.634042	-0.078269	0.769327	-0.412827	-0.806976	-0.422332	0.653884	-0.585375	0.479345	0.149091	0.036568	0.022676	32	61	45	36	42	0	1	2	3	59	48	49	50	4	5	6	7	63	51	8	9	10	35	11	12	54	60	40	39	32	37	13	14	62	33	30	31	15	16	17	18	56	55	34	46	19	20	21	22	58	53	43	23	24	38	25	26	57	52	41	47	27	44	28	29	
40.261509	116.554535	43.662842	4.287379	-0.837674	-0.233837	0.493581	0.248974	0.640865	0.726157	-0.486121	0.731172	-0.478617	0.151123	0.095436	0.016131	0	51	0	62	56	25	1	21	2	38	3	37	47	57	42	26	30	48	4	63	33	36	5	28	6	61	7	55	39	34	8	20	19	59	9	50	49	41	10	11	12	45	13	46	35	60	23	27	14	44	31	54	52	43	15	40	16	58	17	53	29	32	24	18	22	
40.261509	116.554535	43.662842	4.287379	0.616074	-0.755939	-0.221380	0.557736	0.220177	0.800283	-0.556222	-0.616505	0.557260	0.151123	0.095436	0.016131	32	63	53	21	23	39	26	0	1	59	43	29	34	52	20	41	2	55	62	3	4	36	19	5	6	25	49	7	8	37	60	38	9	57	61	22	10	47	35	11	12	40	58	27	48	42	30	31	13	33	50	14	51	54	32	15	16	44	45	24	17	56	28	46	18	
40.261509	116.554535	43.662842	4.287379	0.603514	0.013443	0.797239	0.547062	-0.734386	-0.401746	0.580081	0.678598	-0.450567	0.151123	0.095436	0.016131	32	62	47	46	54	0	1	2	3	49	26	55	42	48	31	4	5	61	53	38	43	6	25	7	30	44	39	34	36	8	24	9	57	56	59	29	50	10	11	12	13	58	51	35	41	14	15	16	17	52	63	33	37	18	27	19	32	45	22	60	28	20	21	23	40	
129.849350	79.447899	44.272282	3.740310	0.116587	0.683999	0.720106	-0.070176	0.728912	-0.681001	-0.990698	0.028862	0.132982	0.189700	0.095777	0.015606	0	0	1	2	3	45	4	61	44	5	6	7	8	9	10	59	53	42	11	12	13	38	14	63	35	36	15	16	17	54	18	58	19	48	20	37	21	46	33	52	47	56	22	34	23	57	24	51	39	60	25	40	26	43	27	49	41	55	28	29	30	62	31	50	32	
129.849350	79.447899	44.272282	3.740310	-0.783506	-0.570925	0.245281	0.592269	-0.805564	0.016838	0.187977	0.158465	0.969306	0.189700	0.095777	0.015606	32	59	43	51	0	1	2	3	4	45	53	61	48	5	6	7	8	56	57	35	9	10	11	12	13	55	60	37	33	14	15	16	17	32	18	63	19	40	20	52	21	38	39	50	36	54	22	49	23	42	24	62	25	26	27	44	28	46	41	47	34	31	30	58	29	
125.850174	128.746994	44.725445	3.785142	-0.710040	0.083225	-0.699226	-0.635443	0.352125	0.687182	0.303406	0.932246	-0.197137	0.175747	0.076116	0.032758	0	42	0	43	37	41	1	55	49	27	2	32	3	44	30	52	59	4	5	6	29	35	7	58	60	8	9	47	10	26	11	51	62	22	12	21	56	13	14	53	40	34	15	48	38	39	16	63	24	17	36	28	57	45	31	54	33	18	19	50	20	46	23	61	25	
125.850174	128.746994	44.725445	3.785142	-0.638530	-0.667919	-0.382314	-0.571505	0.078824	0.816804	-0.515423	0.740048	-0.432051	0.175747	0.076116	0.032758	32	29	55	26	28	0	57	1	2	59	58	36	33	37	39	3	4	38	62	35	49	5	27	23	6	22	60	25	50	7	8	9	34	48	63	42	46	10	11	12	13	45	53	47	31	32	52	14	15	54	61	40	41	16	21	17	30	44	51	18	43	19	24	20	56	
125.850174	128.746994	44.725445	3.785142	-0.638530	-0.667919	-0.382314	0.136476	-0.587171	0.797875	-0.757399	0.457290	0.466081	0.175747	0.076116	0.032758	32	53	61	32	45	36	29	0	1	57	37	40	49	58	2	3	4	56	50	5	6	54	42	7	8	62	34	38	25	24	23	9	10	63	11	27	30	12	13	14	15	60	46	33	39	35	48	16	26	59	41	28	52	17	18	19	44	51	47	20	55	21	43	22	31	
102.618935	54.991745	45.466030	4.254320	-0.226407	0.074185	-0.971204	0.599283	-0.775425	-0.198936	-0.767854	-0.627066	0.131104	0.206884	0.083238	0.015191	0	51	58	0	32	1	60	2	25	40	36	3	42	53	59	4	52	47	56	34	35	5	57	6	7	8	30	9	24	10	63	11	29	48	45	12	49	50	43	13	28	23	26	14	37	54	38	15	55	16	44	17	33	31	62	18	39	19	22	20	27	46	61	21	41	
102.618935	54.991745	45.466030	4.254320	-0.183507	0.553727	-0.812226	-0.166820	0.796731	0.580853	0.968760	0.242086	-0.053833	0.206884	0.083238	0.015191	32	51	25	57	50	28	0	1	2	62	31	43	30	52	3	4	5	54	47	46	44	29	6	7	8	61	48	41	38	40	9	32	10	34	37	49	60	24	11	12	13	53	56	39	59	27	14	15	16	33	55	42	45	17	23	18	19	36	63	35	58	20	21	26	22	
102.618935	54.991745	45.466030	4.254320	-0.183507	0.553727	-0.812226	0.079391	-0.815210	-0.573698	-0.979807	-0.169761	0.105636	0.206884	0.083238	0.015191	32	42	43	58	25	0	1	24	2	60	35	63	30	3	26	4	5	52	57	33	39	6	7	21	27	55	46	59	50	8	9	22	23	44	48	54	45	10	11	12	32	40	41	53	56	13	37	14	38	36	61	29	49	15	16	17	31	28	47	34	62	18	19	20	51	
101.499420	126.388985	45.442253	4.029316	-0.943718	0.266473	0.195928	0.150477	-0.181606	0.971790	-0.294537	-0.946579	-0.131287	0.216091	0.057393	0.014119	0	35	51	45	53	0	1	2	3	44	46	56	58	4	5	32	6	34	7	48	52	8	9	10	11	39	41	55	60	12	27	13	14	59	15	62	30	16	17	18	19	43	29	63	47	20	21	22	23	61	28	54	31	40	24	25	26	57	36	50	38	49	42	33	37	
101.499420	126.388985	45.442253	4.029316	0.616422	0.007866	0.787377	0.774949	-0.183299	-0.604860	0.139568	0.983026	-0.119085	0.216091	0.057393	0.014119	32	44	50	41	47	0	1	2	3	58	59	45	51	4	5	6	7	63	57	8	9	10	11	12	13	43	61	14	15	30	16	17	18	49	46	39	34	19	20	21	22	60	54	52	33	35	23	37	24	56	62	25	26	31	27	28	29	53	55	40	32	42	48	38	36	
66.388092	97.063370	46.972168	3.763721	-0.817645	0.433114	-0.379301	0.513474	0.250629	-0.820689	0.260388	0.865793	0.427318	0.278253	0.092654	0.047772	0	38	0	63	48	40	1	42	2	3	18	53	60	4	5	22	6	56	30	35	23	59	20	7	8	45	36	61	52	39	24	26	9	17	10	37	47	57	11	44	25	29	55	34	58	32	12	19	21	41	13	16	31	62	27	14	46	43	50	51	54	49	33	15	28	
66.388092	97.063370	46.972168	3.763721	-0.321175	0.582336	0.746814	0.814956	-0.231732	0.531175	0.482383	0.779221	-0.400151	0.278253	0.092654	0.047772	32	34	49	0	1	39	63	2	3	56	52	40	50	21	29	4	5	6	22	7	8	61	51	41	24	35	32	37	59	45	36	25	27	58	47	9	10	54	57	11	12	53	42	46	55	30	13	14	15	16	31	17	18	62	48	19	20	38	33	28	44	60	43	26	23	
105.623421	97.217995	46.843513	4.332222	-0.871905	0.296332	0.389831	-0.456381	-0.203235	-0.866263	-0.177474	-0.933211	0.312442	0.307466	0.090400	0.051914	0	15	20	19	18	0	34	54	59	44	1	41	2	37	3	63	50	32	4	31	21	36	28	62	51	61	5	6	7	52	29	33	22	25	8	24	35	46	57	23	55	56	9	47	39	27	10	40	45	42	26	30	11	48	38	58	49	60	43	16	53	17	12	14	13	
105.623421	97.217995	46.843513	4.332222	-0.816955	-0.554828	0.157323	-0.575874	0.770227	-0.274081	0.030893	-0.314510	-0.948751	0.307466	0.090400	0.051914	32	19	29	26	22	0	52	40	62	51	47	45	18	1	28	30	48	32	35	31	34	2	33	46	59	60	55	27	25	3	15	4	16	21	38	37	63	5	43	6	53	61	24	56	39	7	8	13	9	41	54	23	49	10	57	17	44	58	42	36	50	11	12	20	14	
105.623421	97.217995	46.843513	4.332222	-0.816955	-0.554828	0.157323	-0.424382	0.393661	-0.815433	0.390494	-0.732937	-0.557062	0.307466	0.090400	0.051914	32	35	25	0	21	38	17	54	57	32	63	23	22	1	30	34	40	33	41	43	39	20	28	50	55	37	61	47	44	2	3	4	5	18	16	51	46	6	7	26	62	59	36	49	8	9	10	31	29	27	48	42	58	11	19	12	56	60	52	45	53	13	14	24	15	
105.623421	97.217995	46.843513	4.332222	-0.816955	-0.554828	0.157323	0.429148	-0.402637	0.808526	-0.385249	0.728044	0.567040	0.307466	0.090400	0.051914	32	58	41	48	28	56	0	19	1	53	42	52	60	2	25	3	4	47	51	16	18	62	24	5	6	7	49	35	59	30	31	8	9	39	44	43	33	55	50	29	20	45	46	61	40	10	11	12	13	21	14	27	34	57	54	17	36	22	23	63	32	38	37	26	15	
105.623421	97.217995	46.843513	4.332222	-0.816955	-0.554828	0.157323	0.576618	-0.790511	0.206408	0.009845	0.259342	0.965735	0.307466	0.090400	0.051914	32	49	25	52	40	44	15	57	0	50	38	43	59	1	20	2	3	61	33	41	29	45	4	51	5	39	56	28	62	6	14	7	8	34	24	35	30	58	46	37	9	23	22	54	63	16	10	19	11	21	26	31	18	60	36	55	12	17	48	42	53	47	32	27	13	
110.308685	130.821365	47.586784	3.933192	-0.824709	-0.355742	0.439662	0.498925	-0.823715	0.269385	0.266325	0.441522	0.856813	0.203950	0.068294	0.048086	0	35	42	57	60	12	14	13	20	37	31	45	62	0	1	2	3	43	44	61	50	33	29	24	15	11	59	47	58	4	5	6	7	38	22	51	53	41	34	36	46	16	18	26	63	17	8	21	25	39	30	52	27	56	49	40	23	28	54	19	55	48	32	9	10	
110.308685	130.821365	47.586784	3.933192	0.539048	-0.821983	-0.183766	0.756069	0.568373	-0.324517	0.371195	0.035990	0.927857	0.203950	0.068294	0.048086	32	63	42	37	22	48	25	43	28	58	47	50	49	0	1	2	3	59	51	52	4	19	30	24	20	57	60	5	26	6	7	8	9	31	23	29	36	34	41	54	55	32	46	40	61	10	11	18	12	33	53	39	13	35	44	45	38	56	62	21	27	14	15	16	17	
110.308685	130.821365	47.586784	3.933192	0.539048	-0.821983	-0.183766	-0.812521	-0.564957	0.143646	-0.221895	0.071882	-0.972418	0.203950	0.068294	0.048086	32	0	34	52	24	42	49	45	36	43	28	63	32	1	2	3	4	31	33	23	39	55	51	41	47	59	56	38	29	5	6	7	8	9	37	57	60	20	25	30	19	22	10	61	50	11	12	13	14	21	35	54	62	27	40	26	44	46	48	53	58	15	16	17	18	
123.100456	147.123322	47.307968	4.222455	-0.010148	0.017099	-0.999802	0.781169	-0.624042	-0.018602	-0.624236	-0.781204	-0.007025	0.271805	0.067682	0.019275	0	0	1	61	44	2	3	58	37	4	5	56	40	6	7	60	36	8	9	51	10	11	12	13	14	15	16	43	17	18	19	48	20	41	21	57	55	47	22	52	38	39	23	53	50	49	24	59	45	42	25	63	26	34	27	28	29	35	30	54	31	46	32	62	33	
123.100456	147.123322	47.307968	4.222455	0.017265	-0.811542	0.584040	0.046332	-0.582850	-0.811258	0.998777	0.041066	0.027538	0.271805	0.067682	0.019275	32	36	29	57	0	1	2	3	4	44	39	63	41	5	6	40	42	56	37	43	34	7	8	9	10	60	59	33	49	11	12	13	14	30	31	45	58	15	16	17	18	38	48	52	62	19	20	53	51	46	54	35	47	21	22	23	24	50	61	32	55	25	26	27	28	
123.100456	147.123322	47.307968	4.222455	0.017265	-0.811542	0.584040	-0.065833	0.581936	0.810565	-0.997681	-0.052443	-0.043379	0.271805	0.067682	0.019275	32	48	32	54	42	0	1	2	3	55	31	61	46	4	5	6	7	58	49	33	30	8	9	10	11	62	52	47	37	51	53	12	13	36	40	41	56	14	15	16	17	50	34	59	60	18	19	20	21	22	57	29	35	23	24	25	26	43	63	39	45	44	38	27	28	
137.360931	102.807198	48.153885	4.224398	-0.992280	-0.056567	0.110364	0.123923	-0.486860	0.864645	-0.004822	-0.871646	-0.490111	0.114384	0.100360	0.032577	0	63	18	30	0	57	32	28	31	35	1	2	3	62	44	37	47	58	19	25	4	27	53	48	24	5	6	7	8	46	61	60	9	39	20	36	33	49	22	40	56	54	10	26	11	42	23	52	43	45	21	12	13	59	41	29	38	14	15	16	17	51	55	50	34	
137.360931	102.807198	48.153885	4.224398	0.152264	0.592697	0.790902	-0.808034	0.535455	-0.245704	-0.569120	-0.601663	0.560450	0.114384	0.100360	0.032577	32	63	22	21	0	47	42	1	2	56	29	39	3	44	36	32	4	62	40	34	52	38	43	5	6	54	35	25	17	55	50	7	8	58	23	45	26	60	9	10	11	57	12	48	31	49	13	30	14	41	33	51	61	46	19	18	27	59	28	24	53	37	20	16	15	
137.360931	102.807198	48.153885	4.224398	-0.809112	0.401305	-0.429291	-0.539910	-0.219219	0.812675	0.232022	0.889324	0.394042	0.114384	0.100360	0.032577	32	62	53	24	31	42	0	1	2	55	40	25	34	63	21	28	3	38	61	4	5	47	6	7	20	30	50	18	8	52	19	57	44	56	51	37	33	26	32	9	10	48	58	43	39	41	36	22	11	54	59	12	13	45	35	14	15	60	46	27	23	29	16	49	17	
137.360931	102.807198	48.153885	4.224398	-0.809112	0.401305	-0.429291	-0.409959	0.137932	0.901615	0.421036	0.905499	0.052916	0.114384	0.100360	0.032577	32	54	59	0	42	51	25	1	2	46	38	20	40	63	3	23	4	43	61	5	32	53	24	15	13	26	50	17	21	49	19	57	22	41	62	47	27	16	39	6	7	37	58	48	35	31	52	14	8	45	60	18	30	29	44	9	10	56	55	33	34	36	11	28	12	
137.360931	102.807198	48.153885	4.224398	-0.809112	0.401305	-0.429291	-0.158518	0.554393	0.817020	0.565870	0.729111	-0.384952	0.114384	0.100360	0.032577	32	19	56	0	55	36	47	1	2	28	32	3	40	63	53	31	17	4	60	5	48	41	49	6	20	26	54	7	33	59	21	39	18	25	62	42	38	8	30	9	10	35	61	45	29	52	50	11	12	46	57	27	34	13	43	14	23	51	58	44	37	22	24	15	16	
137.360931	102.807198	48.153885	4.224398	-0.809112	0.401305	-0.429291	-0.587654	-0.552918	0.590716	-0.000305	0.730230	0.683201	0.114384	0.100360	0.032577	32	63	45	0	40	30	1	2	3	62	35	32	42	51	4	56	5	49	60	6	7	48	8	24	9	34	44	21	10	61	11	53	39	59	41	38	33	37	29	12	13	57	47	46	43	36	14	22	15	55	52	16	17	50	27	26	18	54	31	25	19	28	20	58	23	
137.360931	102.807198	48.153885	4.224398	-0.809112	0.401305	-0.429291	-0.464960	-0.883916	0.050047	-0.359373	0.240097	0.901778	0.114384	0.100360	0.032577	32	62	38	37	45	34	0	1	2	59	33	30	48	50	3	35	4	61	47	49	5	26	6	53	7	40	36	44	8	9	10	63	25	60	31	43	23	46	11	12	13	57	39	55	27	14	15	29	22	58	42	41	16	32	19	51	17	52	24	28	18	21	20	54	56	
36.349762	110.699326	48.283817	3.888399	-0.849987	-0.111687	0.514829	0.475416	-0.583621	0.658306	-0.226941	-0.804309	-0.549168	0.150886	0.123531	0.014877	0	49	30	60	52	0	1	2	3	36	33	38	50	59	39	25	28	63	4	55	37	41	5	6	7	46	8	51	57	42	27	9	24	58	10	62	11	12	13	14	15	44	23	53	32	48	16	29	17	61	18	45	47	31	19	20	40	54	35	43	56	34	21	22	26	
36.349762	110.699326	48.283817	3.888399	0.742224	-0.651153	-0.158443	0.418737	0.266028	0.868268	-0.523224	-0.710795	0.470114	0.150886	0.123531	0.014877	32	45	61	28	30	41	47	0	1	48	33	57	42	32	19	36	2	27	44	38	55	40	51	3	4	56	43	17	14	60	26	24	5	59	62	29	21	6	37	7	8	50	63	31	25	16	35	18	9	54	46	53	20	10	52	11	12	58	39	22	23	34	49	15	13	
44.648438	90.074173	49.589970	4.132916	-0.290578	0.877681	-0.381105	0.330863	-0.281559	-0.900697	0.897827	0.387816	0.208577	0.190501	0.078604	0.016538	0	34	0	55	1	57	2	40	3	51	4	60	50	36	5	6	7	38	8	32	9	63	10	11	12	62	13	49	14	48	15	16	17	39	42	45	18	59	19	54	20	56	21	47	22	43	23	44	24	37	33	41	46	61	25	26	27	58	28	53	35	52	29	30	31	
44.648438	90.074173	49.589970	4.132916	-0.442417	0.401445	0.801941	0.570161	-0.564321	0.597041	0.692231	0.721376	0.020777	0.190501	0.078604	0.016538	32	56	49	42	28	31	41	0	1	50	53	59	51	37	2	3	4	55	52	5	6	44	43	7	8	40	60	34	57	29	24	35	9	63	27	45	10	25	11	12	13	47	26	46	62	30	14	15	16	61	17	39	18	38	32	19	20	58	36	33	48	54	21	22	23	
44.648438	90.074173	49.589970	4.132916	-0.442417	0.401445	0.801941	0.798462	-0.230815	0.556042	0.408320	0.886322	-0.218422	0.190501	0.078604	0.016538	32	40	60	31	27	0	48	1	2	43	62	49	47	38	3	4	5	46	56	6	7	25	44	8	9	41	52	30	58	39	10	11	12	57	45	51	28	13	29	14	15	42	34	63	55	35	26	16	17	59	61	18	19	36	32	20	21	53	37	33	50	54	22	23	24	
65.326630	131.292877	50.138313	3.668432	-0.840514	0.124740	0.527235	-0.455486	0.364254	-0.812312	-0.293375	-0.922908	-0.249344	0.130493	0.083702	0.043539	0	0	1	2	3	4	36	42	63	27	21	22	5	51	48	58	60	19	6	7	8	20	50	46	61	35	31	33	9	45	37	62	41	30	28	23	38	10	11	53	55	49	12	26	13	47	14	59	25	39	32	54	34	24	29	44	43	57	15	56	16	40	17	52	18	
65.326630	131.292877	50.138313	3.668432	-0.796146	-0.049412	-0.603083	-0.241421	-0.887961	0.391460	-0.554858	0.457256	0.695018	0.130493	0.083702	0.043539	32	63	35	52	25	46	23	48	30	59	40	45	50	0	1	2	3	61	42	24	4	53	5	44	6	56	60	22	32	7	8	9	10	31	28	17	16	62	34	43	19	47	57	41	51	38	11	18	12	36	33	13	14	55	26	54	39	49	58	21	29	37	20	15	27	
65.326630	131.292877	50.138313	3.668432	-0.796146	-0.049412	-0.603083	-0.583611	-0.200569	0.786874	-0.159841	0.978433	0.130845	0.130493	0.083702	0.043539	32	62	53	27	0	54	33	32	1	46	60	49	35	2	3	4	5	6	52	7	29	51	48	30	23	22	63	25	36	8	31	9	16	44	59	26	20	47	58	42	10	37	61	50	41	19	11	21	12	15	18	13	14	55	57	40	17	38	45	39	56	28	43	24	34	
65.326630	131.292877	50.138313	3.668432	-0.796146	-0.049412	-0.603083	-0.603049	0.146867	0.784068	0.049830	0.987921	-0.146725	0.130493	0.083702	0.043539	32	53	60	20	0	47	50	19	1	34	63	40	42	2	3	4	5	6	43	7	37	52	49	35	31	27	58	29	56	8	33	21	24	54	62	30	26	44	55	38	22	39	61	51	32	9	10	11	12	15	25	16	14	48	59	28	13	36	45	46	57	23	41	17	18	
95.795189	128.485474	52.807831	4.103217	-0.140037	0.960438	0.240724	-0.342913	-0.275118	0.898177	-0.928871	-0.043231	-0.367873	0.191171	0.081727	0.017531	0	50	0	48	1	53	2	3	4	54	36	62	42	5	6	7	8	55	9	28	10	59	11	12	13	61	33	56	14	41	15	16	17	46	31	35	26	63	32	44	39	57	51	47	45	43	18	29	19	52	30	20	27	58	21	38	22	60	34	40	23	49	24	37	25	
95.795189	128.485474	52.807831	4.103217	-0.145867	0.524487	0.838830	0.820180	-0.410015	0.398990	0.553198	0.746191	-0.370365	0.191171	0.081727	0.017531	32	42	57	0	46	1	29	2	3	41	59	37	53	4	24	31	27	60	43	5	35	54	39	6	7	61	50	38	47	26	8	21	9	52	49	10	34	23	22	11	12	58	51	44	55	13	14	15	16	62	56	36	17	40	45	30	18	63	48	33	32	28	19	25	20	
110.841347	130.575012	52.450027	4.300627	-0.617073	0.093555	-0.781325	0.578430	0.727111	-0.369767	0.533516	-0.680115	-0.502796	0.226767	0.088292	0.047745	0	43	11	59	55	26	29	24	41	0	1	22	63	2	3	8	4	50	33	62	25	54	44	32	19	10	56	14	60	27	21	9	5	37	36	40	49	53	18	51	31	16	6	52	57	39	7	42	30	48	17	35	13	58	38	46	15	23	34	20	45	61	28	47	12	
110.841347	130.575012	52.450027	4.300627	-0.802879	0.591050	0.077749	-0.595834	-0.791413	-0.136556	-0.019180	-0.155964	0.987576	0.226767	0.088292	0.047745	32	9	0	12	11	15	43	1	63	39	33	42	35	58	20	13	51	10	2	3	4	56	62	25	45	34	37	44	36	49	31	61	38	52	27	46	17	50	55	21	30	53	28	60	16	5	6	48	7	22	8	32	14	54	57	23	18	40	24	59	29	47	19	41	26	
56.575489	81.651596	53.081333	4.114889	-0.442921	0.679615	0.584760	0.356189	0.731931	-0.580868	0.822770	0.048993	0.566258	0.244940	0.045607	0.038358	0	21	0	38	61	23	1	42	2	3	4	20	62	5	6	7	8	50	24	49	57	51	9	28	10	29	37	30	63	35	22	11	32	44	12	45	39	56	13	58	14	26	15	40	54	55	16	47	27	59	17	25	18	60	19	48	36	43	34	33	46	53	31	52	41	
56.575489	81.651596	53.081333	4.114889	0.471305	-0.591416	-0.654292	-0.153315	-0.785496	0.599575	-0.868543	-0.182270	-0.460881	0.244940	0.045607	0.038358	32	27	24	30	36	51	40	35	58	32	34	50	61	0	1	2	3	49	19	4	5	57	60	21	20	29	38	46	53	28	39	6	18	22	41	7	25	43	62	31	54	44	59	48	55	8	9	10	11	26	23	12	13	56	63	14	42	45	37	52	47	17	33	15	16	
56.575489	81.651596	53.081333	4.114889	0.471305	-0.591416	-0.654292	0.258583	-0.616593	0.743604	-0.843212	-0.519653	-0.137673	0.244940	0.045607	0.038358	32	20	37	21	38	54	46	32	57	23	56	39	60	0	1	2	3	42	25	40	19	61	47	24	30	28	41	45	58	31	22	17	4	35	44	5	6	50	62	7	27	49	55	53	52	8	9	10	11	33	16	26	12	63	59	18	13	43	29	48	51	36	34	14	15	
56.575489	81.651596	53.081333	4.114889	0.471305	-0.591416	-0.654292	0.809238	-0.005027	0.587460	-0.350722	-0.806351	0.476227	0.244940	0.045607	0.038358	32	34	33	19	0	61	58	35	43	57	59	37	47	1	2	3	4	23	32	30	29	42	56	53	40	22	60	39	55	5	6	7	8	31	9	24	10	62	51	44	11	38	45	46	52	27	12	13	14	21	15	54	16	63	28	49	17	36	48	26	50	41	20	25	18	
56.575489	81.651596	53.081333	4.114889	0.471305	-0.591416	-0.654292	0.606610	0.755887	-0.246290	0.640231	-0.280822	0.715012	0.244940	0.045607	0.038358	32	0	1	41	2	59	3	61	27	44	55	46	50	4	5	24	6	39	25	29	7	60	51	54	37	62	49	45	38	8	9	10	11	12	13	19	48	40	14	63	32	36	56	35	30	22	15	43	23	28	31	26	33	53	34	57	47	52	58	21	42	16	17	20	18	
36.543198	99.893547	55.147926	4.325870	-0.896906	0.442150	-0.007954	-0.330084	-0.657393	0.677406	-0.294286	-0.610195	-0.735566	0.150708	0.143752	0.059760	0	45	44	47	61	32	0	1	2	33	31	26	49	63	3	4	5	57	51	54	27	6	7	8	9	52	42	36	29	60	10	25	11	55	12	58	35	48	13	37	14	59	15	41	39	53	16	23	17	62	38	34	40	18	19	20	43	50	30	28	56	46	21	24	22	
36.543198	99.893547	55.147926	4.325870	0.810447	-0.408093	-0.420280	0.543953	0.257914	0.798496	-0.217464	-0.875751	0.431009	0.150708	0.143752	0.059760	32	52	51	0	18	1	60	2	3	21	57	30	23	25	55	37	24	31	48	63	27	4	50	5	6	16	45	20	19	59	42	54	17	61	43	29	22	34	41	7	8	35	47	44	36	49	53	9	10	62	40	33	28	46	39	11	12	26	56	13	14	58	32	38	15	
36.543198	99.893547	55.147926	4.325870	0.810447	-0.408093	-0.420280	0.536395	0.805356	0.252355	0.235491	-0.429956	0.871597	0.150708	0.143752	0.059760	32	52	49	26	22	24	56	0	1	45	43	29	42	63	36	2	3	59	33	25	34	28	53	4	5	38	46	6	7	39	37	57	44	61	8	50	16	55	21	20	9	58	41	19	31	51	15	35	17	54	23	32	62	40	27	10	11	47	18	14	13	60	12	48	30	
70.366295	104.611565	55.539295	3.785015	-0.846125	0.289616	0.447432	0.477281	0.785363	0.394218	-0.237225	0.547109	-0.802743	0.300467	0.066448	0.046720	0	38	36	35	39	59	43	25	52	28	44	58	61	0	1	2	3	11	4	18	17	50	51	29	55	22	5	60	56	54	6	45	14	57	21	46	20	41	42	13	53	49	27	62	16	7	30	12	15	34	33	37	24	47	31	23	26	32	8	63	9	40	19	48	10	
70.366295	104.611565	55.539295	3.785015	0.606251	-0.794792	0.027682	0.448037	0.370098	0.813812	-0.657056	-0.480972	0.580468	0.300467	0.066448	0.046720	32	43	17	39	30	47	28	59	31	49	63	36	48	25	0	12	1	45	26	38	15	52	41	51	8	58	54	57	42	2	16	11	19	10	14	46	50	29	3	60	4	21	61	5	34	40	32	55	20	53	35	23	22	44	33	37	6	56	62	9	7	27	13	24	18	
70.366295	104.611565	55.539295	3.785015	0.606251	-0.794792	0.027682	0.795267	0.606022	-0.016984	-0.003277	0.032311	0.999473	0.300467	0.066448	0.046720	32	10	15	23	49	13	0	54	60	53	62	24	26	33	28	44	43	22	30	52	25	45	27	59	40	55	56	57	51	1	2	3	4	41	19	21	34	36	11	46	42	63	32	9	5	35	6	29	39	48	17	50	18	47	12	38	37	61	14	58	16	7	31	8	20	
70.366295	104.611565	55.539295	3.785015	0.606251	-0.794792	0.027682	-0.749108	-0.582399	-0.315673	0.267016	0.170640	-0.948464	0.300467	0.066448	0.046720	32	23	36	19	56	18	28	15	46	0	34	40	62	13	1	32	2	43	16	10	37	52	50	8	39	12	3	54	61	48	44	20	38	26	49	17	25	30	58	31	47	51	60	57	53	4	5	6	7	42	27	9	21	55	59	11	22	29	24	63	45	33	41	14	35	
60.826351	34.501442	56.158371	4.045406	-0.296524	0.294633	0.908441	-0.634077	0.650575	-0.417969	-0.714157	-0.699959	-0.006091	0.131367	0.063640	0.022320	0	63	45	0	1	2	3	4	5	61	55	6	7	34	8	9	10	46	60	11	12	13	14	15	16	41	59	17	18	39	35	19	20	62	21	54	22	53	23	37	24	50	36	51	25	56	26	38	27	52	40	57	28	48	29	44	30	49	42	47	31	58	33	43	32	
60.826351	34.501442	56.158371	4.045406	0.400341	0.803878	0.439894	0.201902	-0.545624	0.813345	0.893847	-0.236800	-0.380740	0.131367	0.063640	0.022320	32	51	45	61	42	0	1	2	3	49	37	53	40	4	5	41	6	54	63	7	8	9	10	11	12	60	55	13	48	14	15	16	17	18	50	58	59	19	20	21	22	34	35	57	38	23	24	39	25	43	62	44	36	26	27	28	29	52	56	47	46	30	31	32	33	
60.826351	34.501442	56.158371	4.045406	0.400341	0.803878	0.439894	0.197480	0.393078	-0.898049	-0.894835	0.446396	-0.001384	0.131367	0.063640	0.022320	32	36	29	58	57	0	1	2	3	42	31	60	52	4	5	6	7	59	46	55	47	8	9	10	11	53	51	41	30	12	34	13	14	28	44	49	63	15	16	17	18	37	35	50	62	19	20	38	21	56	61	39	43	22	23	24	25	48	54	33	40	32	45	26	27	
60.826351	34.501442	56.158371	4.045406	0.400341	0.803878	0.439894	-0.534797	-0.184850	0.824513	0.744123	-0.565341	0.355909	0.131367	0.063640	0.022320	32	41	42	38	63	0	1	2	3	36	33	37	58	4	5	6	45	61	35	51	48	7	8	9	10	59	50	44	46	11	12	13	34	53	52	14	56	15	16	17	18	47	49	40	57	19	20	21	22	62	54	23	39	24	25	26	27	55	60	28	29	30	43	31	32	
137.418030	93.916000	56.396336	4.114849	-0.926917	-0.356520	-0.117120	0.003784	0.303204	-0.952918	-0.375246	0.883720	0.279696	0.180277	0.154003	0.029390	0	34	12	33	28	61	56	10	32	51	0	55	1	45	41	26	30	35	2	38	36	53	14	37	58	62	3	24	4	44	15	49	48	22	11	25	13	63	39	17	20	50	5	46	6	43	57	18	52	29	7	27	16	60	19	40	23	47	8	21	9	42	31	59	54	
137.418030	93.916000	56.396336	4.114849	-0.566717	0.241605	0.787692	0.808442	-0.021331	0.588189	0.158911	0.970140	-0.183235	0.180277	0.154003	0.029390	32	40	24	62	48	22	0	1	2	35	57	55	43	30	27	3	4	47	60	34	37	5	6	20	36	51	45	58	26	7	8	54	31	46	23	33	63	16	17	9	18	53	44	42	56	32	21	10	19	59	50	29	52	11	12	13	38	49	41	25	61	14	15	28	39	
137.418030	93.916000	56.396336	4.114849	-0.566717	0.241605	0.787692	-0.809983	0.011682	-0.586338	-0.150864	-0.970304	0.189075	0.180277	0.154003	0.029390	32	52	29	51	59	38	0	1	2	61	24	41	49	39	28	3	4	63	31	25	45	18	5	17	16	56	42	46	53	19	6	22	33	37	36	60	44	35	21	7	8	27	58	47	50	32	54	9	10	48	62	23	40	11	12	13	20	43	55	57	34	14	15	26	30	
137.418030	93.916000	56.396336	4.114849	0.577723	0.032509	0.815585	-0.802332	0.206242	0.560114	-0.149999	-0.977961	0.145233	0.180277	0.154003	0.029390	32	29	49	15	21	63	25	0	1	40	58	17	23	56	32	35	2	39	55	24	51	57	3	18	4	47	50	5	6	59	26	19	20	30	54	31	14	43	61	7	8	46	42	48	28	41	44	34	9	52	45	38	36	37	53	10	11	33	60	12	13	22	62	16	27	
38.161678	116.577698	56.889904	4.055390	-0.672191	0.709698	0.210920	-0.584226	-0.333446	-0.739928	-0.454795	-0.620598	0.638764	0.192117	0.160959	0.036393	0	57	21	38	53	0	1	2	54	39	27	45	58	41	3	4	5	47	55	26	59	6	7	8	35	32	56	33	52	9	10	11	44	37	24	42	40	12	23	13	61	51	25	46	60	20	14	22	50	48	62	36	28	15	16	17	34	43	49	31	29	18	30	19	63	
38.161678	116.577698	56.889904	4.055390	0.164319	-0.611857	-0.773712	0.860598	0.472241	-0.190680	0.482048	-0.634522	0.604162	0.192117	0.160959	0.036393	32	50	31	49	43	34	54	0	1	51	26	53	45	56	21	19	2	47	36	52	37	40	55	3	4	59	44	5	6	57	7	25	8	46	22	32	35	62	18	9	10	60	30	33	58	39	20	11	12	41	29	23	63	48	28	13	14	61	27	15	38	24	16	17	42	
38.161678	116.577698	56.889904	4.055390	0.795136	0.604196	-0.052017	0.384859	-0.569045	-0.726685	-0.468660	0.557795	-0.684999	0.192117	0.160959	0.036393	32	22	57	20	58	44	35	0	1	27	53	33	37	63	25	24	2	29	60	3	30	61	39	4	5	32	59	6	17	48	19	34	7	31	45	42	26	51	50	8	9	43	52	47	38	28	46	10	11	36	40	12	62	49	41	13	14	55	54	15	56	23	21	18	16	
38.161678	116.577698	56.889904	4.055390	-0.189509	-0.756921	-0.625426	0.861430	0.177506	-0.475847	0.471196	-0.628938	0.618395	0.192117	0.160959	0.036393	32	37	32	24	27	51	59	0	1	58	43	34	45	49	2	23	3	54	35	33	39	48	50	4	5	52	40	6	7	55	25	56	21	42	8	29	30	63	31	9	10	57	60	19	46	36	11	12	13	44	53	18	61	47	28	14	15	62	26	16	20	38	17	22	41	
102.641197	42.213535	58.275185	3.859508	-0.139581	0.015161	-0.990095	0.532347	-0.841946	-0.087941	-0.834940	-0.539349	0.109448	0.347611	0.047899	0.035817	0	45	58	51	24	18	16	52	0	50	40	53	36	22	44	39	29	42	55	10	9	31	54	1	13	15	37	33	21	14	57	28	38	12	17	62	26	30	2	59	3	46	23	61	4	56	25	43	5	34	32	60	11	20	41	49	19	47	35	63	6	7	27	48	8	
102.641197	42.213535	58.275185	3.859508	0.367888	-0.443862	0.817096	0.561491	0.806472	0.185286	-0.741206	0.390627	0.545915	0.347611	0.047899	0.035817	32	27	36	15	30	28	59	0	42	60	50	39	46	43	1	21	2	16	25	8	26	49	40	11	54	37	34	63	57	18	10	12	17	47	44	53	35	45	55	13	3	56	38	62	41	4	33	5	19	22	23	29	24	48	58	20	31	51	32	52	61	9	14	6	7	
102.641197	42.213535	58.275185	3.859508	0.367888	-0.443862	0.817096	0.572196	-0.584595	-0.575187	0.732974	0.679143	0.038911	0.347611	0.047899	0.035817	32	39	35	48	49	46	12	56	14	37	55	47	61	36	0	1	2	43	20	31	30	60	27	32	3	53	33	59	52	4	5	38	28	24	19	22	21	54	25	58	17	34	63	50	44	13	6	15	7	26	29	16	9	42	57	45	10	40	51	41	62	8	18	23	11	
102.641197	42.213535	58.275185	3.859508	0.367888	-0.443862	0.817096	-0.768605	0.349419	0.535866	-0.523359	-0.825162	-0.212607	0.347611	0.047899	0.035817	32	11	13	26	27	0	50	53	42	63	38	55	37	1	20	17	14	31	22	19	24	25	48	30	58	52	51	61	33	2	12	3	15	18	23	29	35	4	28	46	59	40	60	43	49	21	44	5	6	54	45	34	47	16	36	7	56	62	57	41	39	8	9	10	32	
102.641197	42.213535	58.275185	3.859508	0.367888	-0.443862	0.817096	-0.225669	-0.895068	-0.384613	0.902071	-0.042899	-0.429450	0.347611	0.047899	0.035817	32	0	37	29	32	39	27	58	40	46	63	33	48	1	2	17	3	28	52	51	47	24	4	59	26	45	57	38	61	5	6	16	20	23	15	31	19	42	7	53	49	56	62	36	34	8	9	22	25	35	10	30	21	55	11	54	18	50	43	41	60	12	13	14	44	
102.641197	42.213535	58.275185	3.859508	0.367888	-0.443862	0.817096	-0.216837	0.813545	0.539561	-0.904235	-0.375675	0.203048	0.347611	0.047899	0.035817	32	16	20	26	32	0	37	17	57	59	48	54	49	27	36	18	12	19	30	13	23	22	58	1	42	43	40	63	41	11	25	2	14	50	47	3	44	15	55	4	52	62	51	5	53	35	21	6	7	46	39	38	29	28	56	24	45	60	33	61	34	8	9	10	31	
124.814873	73.347366	58.345119	4.034052	-0.268588	0.274107	-0.923432	-0.368422	-0.914999	-0.164446	-0.890015	0.296044	0.346744	0.285126	0.067176	0.045011	0	40	17	44	0	37	41	38	52	60	18	55	29	28	23	25	30	61	24	21	1	46	34	2	39	63	19	20	3	42	27	31	35	62	4	57	26	47	5	36	6	51	7	48	8	54	53	22	9	49	10	45	59	50	11	12	13	58	14	33	32	56	15	43	16	
124.814873	73.347366	58.345119	4.034052	0.388550	0.799175	0.458638	0.189586	-0.556436	0.808972	0.901713	-0.227374	-0.367716	0.285126	0.067176	0.045011	32	17	56	24	35	15	32	33	51	48	62	26	34	41	0	39	1	52	63	2	27	18	23	3	4	53	59	5	16	55	6	20	7	50	40	37	31	21	28	36	45	57	54	43	38	8	25	9	44	58	61	22	47	14	19	10	30	46	60	11	49	12	42	13	29	
124.814873	73.347366	58.345119	4.034052	0.388550	0.799175	0.458638	-0.564662	-0.186818	0.803900	0.728139	-0.571331	0.378676	0.285126	0.067176	0.045011	32	41	36	23	44	30	47	0	52	62	46	42	45	1	27	22	2	60	50	3	16	33	31	4	38	54	49	51	5	17	6	57	7	63	29	35	24	28	26	32	25	56	48	43	37	21	55	8	9	61	59	10	40	20	15	11	12	58	53	39	19	18	13	34	14	
133.146271	80.840965	58.465576	4.202505	-0.259783	0.965120	0.032486	-0.342649	-0.123579	0.931300	-0.902831	-0.230805	-0.362801	0.204908	0.132153	0.033824	0	63	0	23	1	39	25	30	40	52	2	29	3	42	20	38	53	46	17	56	31	51	45	19	28	33	4	57	5	54	48	26	37	55	6	21	22	58	7	43	8	61	9	10	11	60	16	36	35	34	12	27	47	59	18	15	32	44	13	49	14	50	41	24	62	
133.146271	80.840965	58.465576	4.202505	0.422454	0.623549	0.657815	-0.779262	-0.120792	0.614948	0.462909	-0.772396	0.434878	0.204908	0.132153	0.033824	32	53	42	41	20	23	63	0	1	62	51	2	3	22	55	4	5	57	47	52	45	6	39	7	8	40	58	38	9	10	36	28	24	32	44	37	27	21	56	11	12	61	50	34	30	25	46	13	29	60	49	33	43	26	48	14	15	59	35	16	17	19	54	18	31	
133.146271	80.840965	58.465576	4.202505	0.422454	0.623549	0.657815	-0.893629	0.407865	0.187276	-0.151524	-0.666958	0.729526	0.204908	0.132153	0.033824	32	57	23	37	20	55	44	16	0	53	1	63	17	24	33	21	2	45	22	61	34	36	47	3	4	62	28	39	5	31	48	6	15	51	25	40	29	56	43	7	8	60	32	42	27	46	50	9	10	59	54	52	41	38	18	11	12	58	13	19	30	35	49	14	26	
133.146271	80.840965	58.465576	4.202505	0.422454	0.623549	0.657815	0.220611	-0.774669	0.592637	0.879127	-0.105240	-0.464824	0.204908	0.132153	0.033824	32	57	58	32	37	0	1	2	43	35	55	3	54	22	14	19	36	42	63	45	47	4	34	5	31	15	61	12	21	13	26	23	52	30	56	18	28	6	46	7	60	51	62	8	39	16	20	9	48	38	40	33	29	10	41	11	53	44	59	25	50	17	27	24	49	
133.146271	80.840965	58.465576	4.202505	0.462726	-0.145782	0.874433	-0.791695	0.375865	0.481606	-0.398878	-0.915135	0.058508	0.204908	0.132153	0.033824	32	46	34	31	32	58	49	0	1	45	60	36	35	33	37	44	2	52	54	3	47	42	50	4	5	39	56	6	7	59	24	41	8	29	61	9	26	55	23	10	11	48	62	12	30	51	20	13	14	38	63	15	43	40	21	16	17	57	53	18	28	27	19	25	22	
86.672989	104.788422	58.493755	4.049264	-0.182279	0.982879	-0.026904	0.981779	0.183434	0.049616	-0.053702	0.017370	0.998406	0.164827	0.125901	0.094104	0	0	21	27	20	26	48	44	58	28	46	38	55	19	33	30	45	1	2	51	52	3	4	54	60	5	6	56	61	7	8	36	53	31	9	23	10	40	32	59	35	42	22	57	34	29	11	49	25	12	13	14	15	50	16	63	37	43	17	62	39	41	18	47	24	
86.672989	104.788422	58.493755	4.049264	-0.820589	-0.448283	0.354507	0.570637	-0.608223	0.551760	-0.031726	0.655063	0.754908	0.164827	0.125901	0.094104	32	0	63	1	49	2	50	3	42	4	51	28	59	19	25	21	36	5	24	18	6	35	58	33	44	46	47	30	45	27	39	7	34	55	60	20	38	29	48	8	22	57	61	41	52	9	10	11	12	43	31	13	14	54	62	23	15	56	53	32	37	26	40	16	17	
86.672989	104.788422	58.493755	4.049264	-0.820589	-0.448283	0.354507	0.381653	-0.891534	-0.243943	0.425410	-0.064879	0.902672	0.164827	0.125901	0.094104	32	60	62	17	15	40	43	0	1	61	58	26	45	23	2	3	4	38	51	14	19	48	54	5	22	37	52	24	49	27	44	6	39	57	21	50	16	63	20	32	7	56	41	55	47	31	8	9	10	28	13	25	11	59	29	35	36	53	34	42	30	46	12	33	18	
86.672989	104.788422	58.493755	4.049264	-0.820589	-0.448283	0.354507	0.213567	-0.815874	-0.537344	0.530115	-0.365228	0.765236	0.164827	0.125901	0.094104	32	61	52	46	24	43	30	0	1	63	55	44	37	2	3	4	5	57	50	6	18	49	54	7	8	31	59	9	41	22	36	19	28	51	10	48	11	62	12	45	20	58	39	56	40	33	13	23	14	25	15	16	21	60	38	34	32	53	35	47	27	42	26	29	17	
86.672989	104.788422	58.493755	4.049264	0.838493	-0.466502	0.281613	-0.536339	-0.615227	0.577785	-0.096282	-0.635509	-0.766067	0.164827	0.125901	0.094104	32	62	59	27	0	42	35	23	1	61	55	53	44	2	3	4	5	50	49	18	6	58	54	17	7	52	60	33	26	38	30	8	9	63	10	37	11	51	12	45	13	48	19	57	28	25	22	36	21	41	14	16	20	56	31	39	34	47	46	43	24	40	29	32	15	
86.672989	104.788422	58.493755	4.049264	0.838493	-0.466502	0.281613	-0.374841	-0.868897	-0.323284	0.395505	0.165512	-0.903428	0.164827	0.125901	0.094104	32	19	58	0	50	1	60	2	46	38	57	48	56	3	31	4	24	20	43	21	18	28	59	36	30	29	52	23	40	17	44	5	34	55	63	6	25	45	33	7	8	62	61	49	37	9	22	15	10	47	51	14	11	54	42	16	12	53	32	39	26	41	27	35	13	
86.672989	104.788422	58.493755	4.049264	-0.018574	-0.794101	0.607502	-0.046088	-0.606281	-0.793914	0.998765	-0.042745	-0.025337	0.164827	0.125901	0.094104	32	39	61	38	60	25	29	0	1	31	54	41	55	2	3	4	24	57	56	18	5	26	51	6	17	21	53	19	44	7	48	8	36	63	42	58	45	27	28	9	10	52	30	59	35	11	12	23	13	62	47	14	22	49	40	15	20	50	37	43	32	46	34	33	16	
