# featExtract 1.1
Features: 3562
Scale-space location[x y z scale] orientation[o11 o12 o13 o21 o22 o23 o31 o32 o32] 2nd moment eigenvalues[e1 e2 e3] info flag[i1] descriptor[d1 .. d64]
116.362556	80.273163	31.658674	4.131245	-0.640267	-0.094912	-0.762267	-0.763551	0.187099	0.618049	0.083959	0.977745	-0.192264	0.198479	0.085945	0.015679	0	0	1	41	2	3	4	59	51	5	6	7	8	9	10	47	62	11	12	46	45	39	42	52	57	13	14	15	16	38	17	49	61	18	19	20	21	36	48	56	53	22	23	24	25	50	43	58	55	26	27	37	28	44	29	63	40	30	31	32	33	54	34	60	35	
116.362556	80.273163	31.658674	4.131245	-0.597890	-0.795442	-0.098992	-0.798861	0.581144	0.155217	-0.065938	0.171884	-0.982908	0.198479	0.085945	0.015679	32	33	63	36	42	0	35	1	2	57	55	51	45	3	4	5	6	7	59	8	58	9	34	10	11	48	61	12	44	13	14	15	16	40	39	62	41	17	18	19	20	37	53	56	49	21	22	23	24	50	52	47	54	25	26	27	28	38	43	46	60	29	30	31	32	
116.362556	80.273163	31.658674	4.131245	-0.597890	-0.795442	-0.098992	-0.727785	0.590450	-0.348852	0.335941	-0.136531	-0.931935	0.198479	0.085945	0.015679	32	0	61	1	53	2	38	3	32	56	58	34	46	4	5	6	7	35	45	37	62	8	9	10	33	39	44	11	63	12	13	14	15	60	42	48	41	16	17	18	19	55	51	52	50	20	21	22	23	59	40	47	54	24	25	26	27	49	36	43	57	28	29	30	31	
86.868752	78.511833	33.678612	3.663574	-0.099084	0.994842	-0.021736	-0.980672	-0.101330	-0.167379	0.168718	-0.004731	-0.985653	0.381058	0.077628	0.032519	0	0	29	31	1	43	36	57	54	40	47	51	49	32	26	28	38	2	56	3	4	53	60	5	6	30	61	7	8	45	42	50	9	10	22	11	46	12	44	41	59	35	52	39	58	13	23	37	55	21	48	14	15	24	62	16	25	33	63	17	18	19	27	34	20	
86.868752	78.511833	33.678612	3.663574	-0.793330	-0.608620	-0.014431	-0.593540	0.778511	-0.204038	0.135416	-0.153304	-0.978857	0.381058	0.077628	0.032519	32	26	0	49	1	62	32	56	43	39	2	59	35	25	3	36	4	24	21	5	6	63	44	17	7	55	50	33	8	58	54	9	10	11	29	38	37	52	53	47	30	42	34	51	41	22	12	48	20	27	40	13	14	57	60	18	15	28	46	31	45	23	61	19	16	
86.868752	78.511833	33.678612	3.663574	-0.431971	-0.665995	-0.608154	0.156417	0.608770	-0.777774	0.888220	-0.431102	-0.158798	0.381058	0.077628	0.032519	32	40	50	42	16	21	63	0	1	36	58	45	54	2	43	27	20	30	31	3	28	26	60	4	5	6	29	22	44	7	62	23	34	51	25	47	39	61	46	8	9	41	24	56	48	38	15	32	10	18	11	17	52	49	59	12	33	19	13	53	35	55	57	37	14	
86.868752	78.511833	33.678612	3.663574	-0.431971	-0.665995	-0.608154	-0.286450	0.740711	-0.607695	0.855189	-0.088301	-0.510740	0.381058	0.077628	0.032519	32	45	38	53	37	58	55	0	1	39	52	44	54	14	2	3	4	26	28	5	6	56	60	22	15	7	46	19	43	36	61	27	25	33	8	48	24	63	32	49	20	17	21	57	42	31	9	41	10	16	35	11	51	59	47	12	23	18	29	34	40	62	50	30	13	
86.868752	78.511833	33.678612	3.663574	0.597084	-0.792547	-0.123935	0.751362	0.606660	-0.259651	0.280972	0.061913	0.957717	0.381058	0.077628	0.032519	32	29	0	38	36	53	57	40	47	35	30	46	52	20	24	26	49	1	2	3	4	58	59	5	33	43	34	45	32	61	44	23	6	7	8	9	50	10	62	11	54	25	41	37	60	12	27	13	28	14	15	16	17	42	63	22	31	51	48	19	39	56	55	21	18	
57.411922	113.388451	37.945568	3.671815	-0.505105	0.496127	0.706206	0.663683	-0.299799	0.685307	0.551719	0.814849	-0.177841	0.142487	0.061188	0.030473	0	46	0	22	1	62	50	38	2	52	25	47	3	63	35	24	4	41	5	53	6	55	49	40	7	44	31	8	9	61	42	28	10	29	17	27	11	57	45	59	12	54	23	56	30	37	13	43	19	36	21	34	14	60	48	33	18	51	32	15	16	58	39	26	20	
57.411922	113.388451	37.945568	3.671815	-0.429317	0.661647	0.614743	0.454280	-0.430091	0.780161	0.780587	0.614202	-0.115928	0.142487	0.061188	0.030473	32	58	45	60	48	0	1	2	3	43	41	46	62	4	5	6	7	56	61	24	30	26	40	8	23	37	53	29	59	22	20	31	42	33	63	52	36	9	10	11	12	35	49	51	47	13	39	14	15	55	57	28	25	27	38	16	17	54	32	50	44	21	18	34	19	
57.411922	113.388451	37.945568	3.671815	-0.429317	0.661647	0.614743	-0.204923	0.591548	-0.779794	-0.879598	-0.460754	-0.118375	0.142487	0.061188	0.030473	32	22	25	43	62	0	1	26	47	39	50	32	52	33	44	2	23	40	49	63	35	3	4	5	6	46	51	48	36	7	8	31	24	34	28	58	60	9	10	29	30	57	27	56	37	42	11	12	21	54	55	45	61	13	14	15	16	59	38	41	53	17	18	19	20	
57.411922	113.388451	37.945568	3.671815	-0.429317	0.661647	0.614743	-0.798760	0.039509	-0.600352	-0.421509	-0.748774	0.511536	0.142487	0.061188	0.030473	32	52	33	59	47	0	22	24	1	51	43	34	56	2	3	4	5	35	54	63	39	6	23	7	8	42	57	55	27	9	10	32	11	29	21	62	36	25	12	50	26	44	41	38	40	31	53	30	28	37	58	61	49	13	14	15	16	60	48	45	46	17	18	19	20	
57.411922	113.388451	37.945568	3.671815	-0.429317	0.661647	0.614743	0.809428	-0.020067	0.586877	0.400641	0.749547	-0.526941	0.142487	0.061188	0.030473	32	47	61	57	40	0	1	2	3	46	45	49	60	4	5	6	7	33	62	21	29	27	50	8	26	38	37	43	44	28	30	52	31	39	63	54	36	9	10	22	11	25	55	58	41	12	32	13	14	48	59	35	53	15	24	23	16	56	34	42	51	17	18	19	20	
57.411922	113.388451	37.945568	3.671815	-0.429317	0.661647	0.614743	-0.250720	-0.741221	0.622680	0.867656	0.113199	0.484107	0.142487	0.061188	0.030473	32	63	34	44	56	0	1	2	3	54	40	21	58	23	30	4	5	61	46	38	50	22	6	7	8	48	60	39	53	9	10	11	27	57	59	47	35	12	13	14	15	37	49	55	41	24	16	17	18	62	29	32	19	51	25	20	26	45	36	42	43	33	31	28	52	
57.411922	113.388451	37.945568	3.671815	-0.429317	0.661647	0.614743	0.347986	0.749293	-0.563441	-0.833422	-0.027973	-0.551928	0.142487	0.061188	0.030473	32	18	33	30	62	0	22	25	49	44	39	37	38	52	28	31	32	36	48	56	59	19	1	2	24	42	57	50	35	3	4	5	23	53	46	45	61	6	7	8	9	51	43	60	47	26	10	11	12	54	40	34	63	20	13	14	15	58	21	41	55	16	17	27	29	
57.411922	113.388451	37.945568	3.671815	-0.429317	0.661647	0.614743	0.813567	0.578876	-0.054875	-0.392168	0.476576	-0.786816	0.142487	0.061188	0.030473	32	25	60	28	58	0	30	22	37	27	33	59	53	26	21	45	1	29	57	24	54	2	40	3	38	50	55	41	31	36	23	20	4	56	62	52	44	5	6	7	8	46	42	61	43	9	10	11	12	49	34	35	63	13	14	15	16	51	32	47	48	17	18	19	39	
57.411922	113.388451	37.945568	3.671815	-0.429317	0.661647	0.614743	-0.817128	-0.574482	0.047658	0.384692	-0.481864	0.787286	0.142487	0.061188	0.030473	32	63	35	33	49	0	1	2	3	48	45	32	51	39	4	5	6	43	53	62	56	7	8	9	10	42	60	44	47	11	12	13	14	54	24	57	28	38	15	40	16	31	41	55	50	17	20	22	37	58	29	61	25	36	23	30	18	52	59	34	27	19	46	21	26	
54.183254	127.388008	38.519653	3.978964	-0.088616	0.982145	0.165949	0.514986	-0.097433	0.851643	-0.852606	-0.160931	0.497157	0.203759	0.121424	0.075597	0	54	36	40	34	35	42	33	30	0	1	56	2	26	27	61	17	22	39	62	19	20	53	58	23	3	4	51	5	41	44	63	14	48	6	59	37	52	11	32	15	16	7	57	8	29	18	45	47	31	13	49	12	55	21	24	50	25	9	46	38	43	10	28	60	
54.183254	127.388008	38.519653	3.978964	0.377253	-0.475244	0.794873	-0.475060	0.637462	0.606597	-0.794983	-0.606453	0.014714	0.203759	0.121424	0.075597	32	63	18	43	23	57	0	10	1	53	42	41	46	37	2	27	3	61	33	54	11	47	21	28	13	29	50	22	4	14	8	62	5	52	58	36	30	49	35	31	39	51	26	59	19	40	25	12	6	24	48	34	56	20	44	17	45	55	60	32	16	15	9	38	7	
54.183254	127.388008	38.519653	3.978964	0.377253	-0.475244	0.794873	-0.567174	-0.797064	-0.207369	0.732116	-0.372601	-0.570241	0.203759	0.121424	0.075597	32	49	60	23	43	27	41	22	35	13	33	0	52	62	29	1	9	37	12	57	46	21	20	51	32	50	42	18	61	2	16	3	10	28	63	14	39	11	54	4	19	34	48	45	47	31	44	5	6	30	59	25	58	15	55	24	40	56	53	26	36	7	17	8	38	
108.365463	123.636604	43.450821	4.479565	-0.831441	-0.039740	-0.554191	0.401149	0.647194	-0.648244	0.384430	-0.761289	-0.522161	0.229399	0.084747	0.061027	0	57	50	53	51	0	28	1	37	46	43	47	42	44	24	12	30	2	40	59	60	3	23	4	33	13	55	36	49	32	5	54	27	6	7	63	56	14	8	17	26	35	39	48	62	25	15	9	10	58	31	41	34	52	20	18	19	16	45	21	61	38	29	11	22	
108.365463	123.636604	43.450821	4.479565	0.813807	0.008323	-0.581075	0.434523	-0.672667	0.598923	-0.385885	-0.739898	-0.551038	0.229399	0.084747	0.061027	32	25	58	39	34	0	52	1	43	35	55	51	53	36	49	2	3	61	20	22	21	28	24	23	48	63	40	44	9	26	30	4	18	42	62	50	14	5	17	10	6	38	54	56	37	33	47	19	7	60	59	12	13	32	31	15	8	41	57	27	29	16	46	11	45	
108.365463	123.636604	43.450821	4.479565	0.813807	0.008323	-0.581075	-0.575589	-0.126264	-0.807932	-0.080093	0.991962	-0.097964	0.229399	0.084747	0.061027	32	0	58	20	57	13	23	18	30	1	51	44	61	2	3	45	27	17	40	43	63	4	14	5	36	46	41	52	53	22	15	34	32	28	24	35	33	19	16	60	31	49	59	47	48	6	7	29	37	39	50	25	62	8	9	10	26	55	42	38	54	11	21	12	56	
108.365463	123.636604	43.450821	4.479565	0.813807	0.008323	-0.581075	0.577441	0.100979	0.810164	0.065419	-0.994854	0.077371	0.229399	0.084747	0.061027	32	62	31	55	38	24	20	0	1	54	39	45	51	56	2	16	3	33	35	26	28	27	60	18	15	44	47	59	49	36	29	4	5	63	43	40	17	37	6	13	7	53	52	41	48	30	32	21	14	58	22	57	8	34	19	23	9	61	42	46	10	25	50	11	12	
72.465637	102.341927	44.562889	4.209554	-0.730847	0.166432	-0.661938	0.584914	-0.347097	-0.733076	-0.351764	-0.922943	0.156326	0.311004	0.058588	0.028881	0	54	13	56	0	52	35	14	1	40	26	63	2	18	17	21	3	42	27	43	45	60	51	47	12	39	34	53	19	30	49	58	41	32	4	59	48	55	38	15	5	37	23	61	44	6	7	8	9	16	20	36	25	57	50	33	28	22	10	62	11	24	46	31	29	
72.465637	102.341927	44.562889	4.209554	0.788706	-0.469009	0.397459	-0.582798	-0.776192	0.240567	0.195676	-0.421375	-0.885525	0.311004	0.058588	0.028881	32	40	33	25	21	30	48	53	47	61	49	42	24	15	16	29	31	10	27	12	26	0	58	35	51	38	34	63	37	1	36	13	9	2	59	19	50	14	43	41	52	39	62	20	46	18	22	32	3	11	44	17	56	4	28	23	57	55	60	45	54	5	6	7	8	
72.465637	102.341927	44.562889	4.209554	0.788706	-0.469009	0.397459	0.178691	0.793496	0.581751	-0.588228	-0.387808	0.709643	0.311004	0.058588	0.028881	32	59	46	0	1	52	43	2	16	60	42	57	13	3	22	4	5	50	23	54	30	39	53	40	41	28	24	63	14	6	35	38	17	51	32	27	25	56	47	7	26	44	45	55	61	19	8	9	10	29	18	20	21	58	37	34	36	33	49	48	62	31	15	11	12	
100.261795	104.557549	45.814606	4.439373	-0.679798	0.677713	0.280321	-0.661015	-0.400609	-0.634485	0.317699	0.616618	-0.720312	0.315278	0.060252	0.031512	0	29	19	22	0	25	21	63	1	59	47	18	2	49	3	53	4	40	46	60	28	5	6	58	7	52	51	55	38	8	9	31	39	23	20	10	11	37	27	61	12	54	41	24	45	35	13	57	30	43	44	48	36	14	15	62	32	50	56	34	42	16	17	33	26	
100.261795	104.557549	45.814606	4.439373	-0.729540	-0.567436	0.381821	0.630559	-0.774249	0.054164	0.264890	0.280276	0.922648	0.315278	0.060252	0.031512	32	54	25	29	0	59	33	38	40	63	49	18	30	17	1	2	3	37	4	51	5	45	31	60	42	48	46	58	57	6	7	8	9	32	21	10	11	56	50	28	26	53	62	19	41	34	27	12	13	24	23	20	14	55	52	47	22	36	43	44	61	39	35	15	16	
100.261795	104.557549	45.814606	4.439373	-0.729540	-0.567436	0.381821	0.578791	-0.214791	0.786680	-0.364379	0.794909	0.485126	0.315278	0.060252	0.031512	32	54	32	0	20	59	38	40	35	57	56	51	44	1	2	3	4	37	22	5	6	60	43	47	39	46	27	62	52	36	23	7	8	33	48	9	24	41	61	30	42	17	63	25	16	18	29	10	11	28	15	12	13	49	53	21	45	34	58	50	55	19	31	14	26	
100.261795	104.557549	45.814606	4.439373	-0.729540	-0.567436	0.381821	-0.021463	0.576988	0.816470	-0.683601	0.587453	-0.433115	0.315278	0.060252	0.031512	32	41	38	0	1	60	51	44	25	56	47	61	32	2	24	3	4	5	27	22	6	7	52	35	49	57	42	53	48	8	28	9	30	26	59	18	29	39	54	45	33	46	58	43	62	10	11	12	13	14	34	19	37	15	55	36	50	20	40	21	63	16	31	17	23	
122.868370	44.421936	46.287914	3.977807	-0.521942	0.326770	0.787907	0.631403	-0.473049	0.614455	0.573504	0.818197	0.040581	0.167877	0.079301	0.010211	0	0	1	2	3	53	59	4	5	6	7	8	9	62	52	10	11	12	40	13	49	39	56	33	38	14	15	16	17	51	58	18	19	55	20	48	21	60	22	45	23	42	24	25	26	63	27	28	29	54	36	57	37	47	34	50	35	46	30	44	31	61	43	41	32	
122.868370	44.421936	46.287914	3.977807	-0.589040	0.786048	0.187511	-0.579681	-0.572673	0.579668	0.563030	0.232751	0.792985	0.167877	0.079301	0.010211	32	39	50	52	62	0	1	2	3	30	29	4	55	24	5	25	40	58	36	56	51	6	7	8	9	49	35	37	46	44	38	26	41	54	60	10	47	11	12	13	14	61	33	32	45	31	15	27	28	63	48	53	16	17	18	19	20	57	34	42	21	59	22	43	23	
53.682018	134.908691	46.779461	3.911743	-0.722919	0.669116	0.172257	-0.391972	-0.602476	0.695256	-0.568987	-0.435094	-0.697816	0.276722	0.068506	0.036626	0	37	0	53	16	50	1	34	57	38	2	39	45	42	3	32	62	26	4	61	23	5	49	48	51	6	7	19	47	8	41	55	59	9	10	24	11	18	44	31	63	46	35	17	33	21	29	12	58	13	14	20	22	28	56	27	60	54	15	52	25	43	40	30	36	
53.682018	134.908691	46.779461	3.911743	-0.580486	-0.603720	-0.546405	-0.785102	0.592964	0.178910	0.215987	0.532838	-0.818189	0.276722	0.068506	0.036626	32	36	30	44	18	47	29	49	37	32	63	58	39	0	31	1	12	61	42	14	24	43	35	2	20	52	60	23	38	3	13	25	48	33	26	59	50	4	19	17	40	41	46	53	27	5	55	6	28	54	57	15	56	7	22	8	16	51	34	9	45	10	21	11	62	
140.157028	104.867363	49.480755	4.188154	-0.448417	-0.816376	-0.363940	-0.052916	0.430704	-0.900941	0.892257	-0.384739	-0.236334	0.126037	0.114986	0.028873	0	63	0	27	1	48	42	38	32	2	3	41	4	58	45	60	29	59	5	34	6	44	46	37	7	8	9	10	11	57	62	50	12	33	13	26	14	49	40	56	15	31	16	47	17	23	54	55	30	25	18	19	24	53	39	43	52	20	21	22	35	61	36	51	28	
140.157028	104.867363	49.480755	4.188154	-0.043506	-0.593838	0.803407	0.122911	0.794878	0.594190	-0.991464	0.124598	0.038407	0.126037	0.114986	0.028873	32	62	0	34	26	52	1	48	2	55	56	43	38	21	3	32	4	59	5	40	27	57	6	50	7	60	28	35	33	46	8	45	23	42	63	19	9	41	10	36	11	61	49	37	12	25	13	30	14	54	39	29	15	53	16	44	17	58	20	51	22	31	18	47	24	
123.870224	138.492615	51.024002	4.284390	-0.600654	-0.232184	0.765052	0.517213	-0.842543	0.150370	0.609676	0.486015	0.626166	0.300200	0.106602	0.020549	0	20	39	16	62	40	25	19	36	0	1	22	60	37	2	43	47	3	27	54	51	44	21	52	4	5	6	42	57	14	7	59	46	30	31	8	45	53	48	33	28	26	50	24	63	34	9	29	10	32	11	38	15	61	41	58	12	23	18	35	49	56	13	55	17	
123.870224	138.492615	51.024002	4.284390	0.788939	-0.429192	-0.439738	0.145525	-0.564771	0.812315	-0.596991	-0.704860	-0.383112	0.300200	0.106602	0.020549	32	45	13	27	15	63	50	17	21	62	14	46	16	53	20	0	1	2	19	3	26	47	56	4	61	60	32	37	40	38	36	5	25	49	6	48	22	39	55	23	41	54	31	57	44	33	7	8	9	28	18	34	30	35	29	42	58	51	43	52	59	24	10	11	12	
123.870224	138.492615	51.024002	4.284390	0.788939	-0.429192	-0.439738	-0.410930	-0.900583	0.141731	-0.456850	0.068884	-0.886873	0.300200	0.106602	0.020549	32	19	17	0	1	2	63	3	51	60	47	4	18	41	38	5	30	31	23	35	24	22	36	55	57	44	43	62	37	28	25	6	21	40	54	32	7	8	61	15	33	56	59	42	9	26	53	10	11	34	29	39	20	27	46	49	50	52	48	58	45	16	12	13	14	
123.870224	138.492615	51.024002	4.284390	0.788939	-0.429192	-0.439738	-0.555704	-0.803761	-0.212510	-0.262237	0.412021	-0.872623	0.300200	0.106602	0.020549	32	13	16	21	18	0	58	56	57	41	60	35	22	1	44	20	36	33	27	29	23	38	39	59	37	48	46	61	40	2	24	3	4	30	49	17	5	14	63	19	31	50	62	28	6	7	54	8	9	47	43	32	15	25	42	45	55	51	52	53	34	10	26	11	12	
123.870224	138.492615	51.024002	4.284390	0.788939	-0.429192	-0.439738	0.129604	0.815764	-0.563677	0.600648	0.387715	0.699213	0.300200	0.106602	0.020549	32	26	33	24	29	58	50	41	25	52	59	47	53	0	1	2	14	10	43	44	51	38	18	60	13	23	54	49	55	3	4	37	42	31	22	20	5	62	15	46	19	45	56	39	57	21	6	30	34	11	16	27	32	28	7	63	36	12	35	17	61	8	9	40	48	
123.870224	138.492615	51.024002	4.284390	0.788939	-0.429192	-0.439738	-0.167203	0.538686	-0.825749	0.591286	0.724991	0.353228	0.300200	0.106602	0.020549	32	30	33	19	26	58	41	31	35	59	52	43	50	0	1	2	24	28	47	3	48	40	22	56	39	46	55	34	54	4	5	6	32	23	16	21	7	61	8	57	51	38	37	29	60	25	9	36	42	10	27	14	45	20	17	44	63	11	49	15	62	12	13	18	53	
123.870224	138.492615	51.024002	4.284390	0.788939	-0.429192	-0.439738	0.548363	0.814675	0.188687	0.277261	-0.389998	0.878082	0.300200	0.106602	0.020549	32	15	37	41	45	52	47	43	27	32	55	53	51	0	1	25	10	2	20	49	30	31	18	63	14	3	28	61	50	4	5	54	11	22	29	26	33	36	59	39	38	40	62	46	48	6	7	24	12	17	21	16	9	57	56	58	8	23	34	60	42	35	19	44	13	
52.879120	57.271828	52.275391	3.994414	-0.018757	0.966093	-0.257514	-0.440861	0.223177	0.869387	-0.897379	-0.129835	-0.421727	0.359540	0.094644	0.030383	0	30	58	13	39	23	24	8	45	47	44	12	28	15	32	9	59	49	42	0	37	41	19	20	54	56	51	1	40	26	11	14	34	61	38	27	21	53	10	46	16	52	31	50	17	60	22	33	25	62	36	48	2	57	3	4	5	43	29	6	18	63	55	35	7	
52.879120	57.271828	52.275391	3.994414	-0.402464	-0.423087	-0.811800	-0.895211	-0.003480	0.445630	-0.191365	0.906082	-0.377352	0.359540	0.094644	0.030383	32	38	12	34	23	59	42	46	43	33	50	51	35	19	17	39	15	31	0	1	2	62	53	61	3	14	13	55	24	48	47	30	25	21	4	44	16	45	60	52	11	28	36	58	32	18	5	49	10	6	7	8	9	57	63	29	54	27	26	56	22	40	41	37	20	
52.879120	57.271828	52.275391	3.994414	-0.402464	-0.423087	-0.811800	0.739997	0.371690	-0.560580	0.538913	-0.826344	0.163492	0.359540	0.094644	0.030383	32	0	1	2	3	37	58	60	61	46	50	12	19	23	45	27	57	24	17	4	11	39	33	22	62	53	49	30	42	40	29	5	21	6	7	8	38	14	59	20	63	56	36	15	16	26	18	32	52	35	44	9	28	41	51	25	55	48	54	31	47	34	43	13	10	
52.879120	57.271828	52.275391	3.994414	-0.402464	-0.423087	-0.811800	-0.879668	0.424202	0.215028	0.253392	0.800656	-0.542902	0.359540	0.094644	0.030383	32	42	25	20	11	52	60	37	50	26	41	59	31	17	36	27	19	23	0	1	2	57	62	61	30	21	13	56	3	48	55	38	18	33	4	47	16	39	53	54	5	28	44	58	22	14	10	51	6	7	8	12	9	34	63	29	46	35	45	49	32	24	43	40	15	
127.411301	91.915207	52.212490	3.807170	-0.876481	0.123391	0.465356	-0.437582	0.198888	-0.876907	0.200756	0.972223	0.120328	0.199345	0.181745	0.035547	0	50	0	34	1	35	2	61	32	48	43	51	30	3	4	55	27	41	5	28	18	60	6	58	19	63	37	45	7	39	8	26	17	24	40	29	54	36	9	57	42	59	10	47	11	46	12	53	13	38	21	20	56	49	14	44	52	62	22	25	33	31	15	23	16	
127.411301	91.915207	52.212490	3.807170	-0.426581	-0.398287	0.812032	0.603168	0.543741	0.583553	-0.673957	0.738725	0.008285	0.199345	0.181745	0.035547	32	38	62	36	50	14	33	0	1	42	21	59	49	2	20	3	15	45	47	28	17	51	57	4	5	54	61	27	30	22	41	6	25	63	48	53	31	16	18	7	8	34	32	56	19	26	46	9	39	44	52	35	10	24	60	11	12	40	43	37	23	13	55	29	58	
127.411301	91.915207	52.212490	3.807170	-0.645050	-0.611937	0.457650	0.414180	0.223312	0.882376	-0.642157	0.758726	0.109405	0.199345	0.181745	0.035547	32	55	59	18	33	36	45	0	21	54	39	53	52	30	19	1	2	43	29	3	15	58	56	4	5	60	48	32	27	16	40	6	38	63	35	34	13	25	51	7	8	57	31	49	17	22	46	9	26	47	14	24	10	44	62	11	23	50	28	42	37	20	41	12	61	
127.411301	91.915207	52.212490	3.807170	-0.801416	0.183014	0.569419	0.596555	0.176047	0.783026	0.043060	0.967219	-0.250265	0.199345	0.181745	0.035547	32	17	60	0	55	24	21	1	19	31	44	2	56	48	22	15	23	36	54	3	38	57	45	4	14	25	58	5	39	28	52	16	59	42	63	13	33	43	30	6	12	50	49	41	53	18	27	7	26	51	40	8	9	62	29	10	11	46	37	20	35	61	34	32	47	
40.280899	128.307770	52.718884	4.094969	-0.923516	0.353601	-0.148606	-0.286918	-0.379746	0.879472	-0.254550	-0.854845	-0.452156	0.173496	0.125881	0.072964	0	0	19	44	60	27	1	26	56	45	35	36	63	28	2	17	3	30	59	51	58	4	5	6	33	32	53	50	38	7	8	37	40	47	18	57	34	9	10	22	48	41	23	55	43	11	12	21	54	61	46	52	20	13	14	25	31	49	39	29	24	15	42	16	62	
40.280899	128.307770	52.718884	4.094969	0.812227	0.429079	0.395195	0.555971	-0.364322	-0.747105	-0.176588	0.826536	-0.534468	0.173496	0.125881	0.072964	32	16	34	0	59	40	56	17	15	20	47	1	53	58	27	37	24	23	43	2	35	63	55	3	19	39	60	4	29	42	50	5	6	51	49	18	25	7	54	8	9	61	45	44	38	28	32	21	14	52	62	10	26	22	48	11	33	57	30	12	46	36	31	13	41	
40.280899	128.307770	52.718884	4.094969	0.812227	0.429079	0.395195	0.153510	-0.810808	0.564824	0.562781	-0.398099	-0.724427	0.173496	0.125881	0.072964	32	52	21	55	23	56	0	1	2	42	38	62	46	31	14	27	19	39	59	16	3	57	15	37	17	49	48	22	4	26	24	53	43	61	25	54	5	47	32	20	6	33	45	58	7	30	40	36	8	35	34	28	9	51	18	63	10	60	29	41	11	50	12	44	13	
40.280899	128.307770	52.718884	4.094969	0.795689	0.182803	-0.577462	0.603547	-0.158877	0.781338	0.051085	-0.970227	-0.236747	0.173496	0.125881	0.072964	32	49	57	33	30	42	0	35	1	54	45	34	44	56	2	18	3	47	61	4	24	50	5	38	6	27	52	29	25	7	8	63	26	48	9	59	10	41	11	55	12	43	22	62	19	36	46	13	14	39	60	32	15	51	31	28	16	58	37	53	20	21	23	40	17	
40.280899	128.307770	52.718884	4.094969	0.795689	0.182803	-0.577462	-0.210993	-0.810008	-0.547147	-0.567768	0.557199	-0.605944	0.173496	0.125881	0.072964	32	20	19	21	58	52	53	0	50	28	27	22	54	62	14	1	13	51	38	2	55	43	31	3	45	46	61	17	44	18	4	5	34	24	32	29	63	6	41	7	23	33	36	47	57	26	35	8	42	39	60	16	15	37	56	9	10	48	59	25	30	11	49	12	40	
40.280899	128.307770	52.718884	4.094969	0.795689	0.182803	-0.577462	0.576992	-0.518811	0.630805	-0.184281	-0.835115	-0.518288	0.173496	0.125881	0.072964	32	32	62	23	28	40	22	0	1	36	57	33	46	37	44	26	2	27	58	19	14	54	43	50	3	25	53	30	21	12	4	63	5	61	16	41	17	55	6	38	7	59	29	51	24	49	39	8	9	35	56	47	15	34	45	42	10	60	48	52	18	13	31	20	11	
40.280899	128.307770	52.718884	4.094969	0.795689	0.182803	-0.577462	0.452689	0.453948	0.767466	0.402432	-0.872075	0.278448	0.173496	0.125881	0.072964	32	49	30	53	25	28	0	58	1	50	27	51	44	57	2	3	4	62	61	14	15	38	5	23	12	47	48	26	31	29	6	35	46	37	20	59	42	32	13	45	33	40	7	63	24	39	36	17	8	56	19	16	11	60	9	34	43	52	18	41	22	21	10	55	54	
131.276642	90.229752	53.812450	3.934490	-0.725805	0.537944	-0.428746	-0.387035	0.195918	0.901011	-0.568693	-0.819898	-0.066005	0.246802	0.142093	0.037906	0	33	15	26	17	35	32	62	27	52	38	56	28	22	0	39	18	60	36	30	14	49	1	50	29	61	20	43	2	48	3	51	4	44	5	31	54	55	16	53	19	63	6	41	7	25	8	24	21	59	34	42	57	37	9	46	23	58	10	11	12	40	13	45	47	
131.276642	90.229752	53.812450	3.934490	0.786901	0.578576	0.214562	0.596685	-0.802070	-0.025506	0.157336	0.148097	-0.976377	0.246802	0.142093	0.037906	32	47	32	0	33	55	46	1	53	45	58	2	59	3	4	20	27	22	43	16	63	19	26	24	52	5	61	6	49	7	8	29	44	28	41	31	34	18	62	9	51	35	56	42	60	10	11	12	40	39	48	23	17	15	50	30	37	36	54	25	38	13	21	14	57	
131.276642	90.229752	53.812450	3.934490	0.786901	0.578576	0.214562	0.591178	-0.607150	-0.530922	-0.176908	0.544627	-0.819808	0.246802	0.142093	0.037906	32	52	46	0	49	51	26	20	56	16	47	1	60	15	2	25	34	23	45	44	53	3	18	39	43	4	54	21	58	5	6	35	48	31	27	22	42	19	29	17	63	38	57	33	61	7	8	9	28	32	36	10	55	11	41	24	59	37	40	30	62	12	13	14	50	
128.650162	141.104874	53.228596	3.893713	-0.525605	-0.374044	0.764088	0.525423	-0.849111	-0.054234	0.669081	0.372964	0.642828	0.219976	0.127102	0.023290	0	22	31	25	63	42	0	21	26	1	2	20	54	49	3	57	47	4	5	45	53	39	6	56	34	7	8	32	43	23	9	62	44	40	46	30	51	60	37	24	10	11	41	36	58	38	29	48	50	12	13	27	14	55	15	61	16	17	18	35	28	59	19	52	33	
128.650162	141.104874	53.228596	3.893713	0.654538	-0.623699	-0.427293	-0.605469	-0.770903	0.197776	-0.452754	0.129261	-0.882216	0.219976	0.127102	0.023290	32	0	23	1	2	34	63	22	43	44	45	3	4	54	49	5	20	6	24	32	28	30	55	60	53	41	47	59	37	38	27	21	7	39	46	8	9	10	61	11	12	57	58	13	14	42	52	15	16	35	29	36	31	17	62	25	48	50	40	51	56	33	26	18	19	
128.650162	141.104874	53.228596	3.893713	0.654538	-0.623699	-0.427293	-0.045377	-0.596572	0.801276	-0.754666	-0.505077	-0.418780	0.219976	0.127102	0.023290	32	39	20	0	1	50	63	2	3	56	21	4	5	60	30	6	7	23	26	8	22	58	51	47	43	57	32	37	38	53	31	28	24	52	9	40	29	55	45	10	11	59	27	49	44	46	12	13	14	25	33	15	36	41	54	16	61	48	42	35	62	34	19	17	18	
128.650162	141.104874	53.228596	3.893713	-0.521746	-0.006914	0.853073	-0.645817	0.656568	-0.389665	-0.557406	-0.754235	-0.347026	0.219976	0.127102	0.023290	32	53	29	60	32	0	1	47	2	50	54	43	35	34	38	44	28	3	4	61	40	5	6	39	7	33	45	57	58	8	9	10	11	55	12	41	13	14	15	59	27	16	48	26	31	17	46	52	56	21	18	51	19	22	24	63	20	42	62	49	36	23	25	37	30	
128.650162	141.104874	53.228596	3.893713	-0.521746	-0.006914	0.853073	0.650975	0.643069	0.403353	-0.551374	0.765777	-0.331018	0.219976	0.127102	0.023290	32	0	1	52	41	2	33	3	59	50	29	4	21	43	57	5	48	26	28	51	62	6	7	8	45	47	31	54	40	36	32	34	46	9	25	10	56	11	35	22	63	60	39	44	53	12	27	23	30	24	42	13	61	14	15	16	37	49	58	38	55	17	18	19	20	
128.650162	141.104874	53.228596	3.893713	-0.521746	-0.006914	0.853073	0.841877	0.157506	0.516174	-0.137933	0.987494	-0.076357	0.219976	0.127102	0.023290	32	0	19	36	39	1	62	2	49	58	28	30	3	38	56	27	24	4	26	40	63	5	42	6	45	37	29	47	32	43	53	35	44	20	46	7	59	8	22	9	57	50	52	41	60	10	23	11	21	31	48	12	61	13	25	14	34	55	51	54	33	15	16	17	18	
59.894348	37.828800	54.520554	4.244921	0.079315	0.712015	0.697670	-0.215709	0.695552	-0.685330	-0.973231	-0.096136	0.208756	0.164968	0.077310	0.012857	0	62	45	0	1	42	17	38	2	56	55	25	20	32	29	33	14	44	58	23	28	39	26	36	27	37	47	16	24	40	34	35	54	63	3	4	5	53	6	50	7	48	8	15	9	60	10	49	11	52	41	30	18	43	12	61	21	57	46	31	19	59	13	51	22	
59.894348	37.828800	54.520554	4.244921	0.585544	0.679843	-0.441533	0.182360	0.420242	0.888899	0.789863	-0.601008	0.122094	0.164968	0.077310	0.012857	32	43	61	18	26	50	38	0	14	42	40	47	46	12	21	22	24	55	35	20	1	54	58	25	51	53	16	30	17	57	45	31	27	59	60	11	2	37	49	9	3	19	52	29	56	4	15	10	28	44	34	5	6	32	62	13	48	41	33	7	23	39	63	8	36	
103.032806	117.905479	54.902386	3.989438	-0.653354	0.375827	0.657178	0.621069	-0.230298	0.749157	0.432900	0.897617	-0.082948	0.264543	0.055708	0.042231	0	48	59	57	58	0	7	1	32	29	40	41	60	31	4	38	28	10	14	61	43	8	33	20	47	30	5	52	62	9	27	23	34	45	39	51	49	36	19	35	11	13	37	50	63	16	25	12	2	53	18	22	17	46	24	44	21	54	15	42	56	55	3	26	6	
103.032806	117.905479	54.902386	3.989438	0.645439	-0.627976	-0.434805	0.417394	-0.186762	0.889327	-0.639681	-0.755491	0.141570	0.264543	0.055708	0.042231	32	29	46	49	33	31	44	32	38	63	34	51	42	24	0	1	2	35	36	18	20	39	62	15	3	58	52	57	50	4	5	6	14	40	60	41	47	27	23	25	16	48	56	43	59	7	8	9	10	37	30	19	21	53	54	17	22	45	61	26	55	11	12	13	28	
103.032806	117.905479	54.902386	3.989438	0.645439	-0.627976	-0.434805	-0.586775	-0.043227	-0.808596	0.488983	0.777031	-0.396381	0.264543	0.055708	0.042231	32	16	18	21	44	13	26	45	58	43	17	60	55	30	0	1	2	50	32	56	36	19	25	35	20	57	29	59	40	3	4	5	6	23	22	39	34	7	28	61	38	51	62	48	53	8	14	9	15	41	47	46	54	37	42	27	31	49	52	33	63	10	11	12	24	
103.032806	117.905479	54.902386	3.989438	0.645439	-0.627976	-0.434805	0.606139	0.767492	-0.208693	0.464763	-0.128854	0.876009	0.264543	0.055708	0.042231	32	58	48	44	38	26	16	24	27	57	59	45	39	0	1	2	3	46	30	32	49	41	40	31	35	34	43	62	53	4	5	22	6	29	14	36	25	54	17	55	19	63	51	47	18	7	28	8	9	37	20	33	21	61	10	42	23	52	50	56	60	11	15	13	12	
103.032806	117.905479	54.902386	3.989438	0.645439	-0.627976	-0.434805	-0.446360	-0.772044	0.452449	-0.619816	-0.097949	-0.778611	0.264543	0.055708	0.042231	32	23	28	25	41	38	29	14	62	63	53	51	48	15	16	0	1	18	47	13	17	32	58	2	43	22	55	42	60	3	4	37	5	46	54	45	44	39	33	36	27	52	61	50	34	6	21	7	8	30	31	49	56	26	19	20	40	24	35	57	59	9	10	11	12	
103.032806	117.905479	54.902386	3.989438	0.645439	-0.627976	-0.434805	0.758804	0.592252	0.271022	0.087319	-0.504860	0.858773	0.264543	0.055708	0.042231	32	59	41	28	50	19	0	24	25	60	51	39	55	1	2	14	3	30	35	20	45	48	56	32	33	38	46	63	52	16	4	17	5	42	37	23	31	54	27	34	22	53	62	36	40	6	7	13	8	47	18	21	15	61	29	43	9	57	49	58	44	10	26	11	12	
103.032806	117.905479	54.902386	3.989438	0.645439	-0.627976	-0.434805	-0.011323	-0.577061	0.816623	-0.763728	-0.522157	-0.379568	0.264543	0.055708	0.042231	32	24	25	40	38	32	47	34	57	62	36	51	50	0	21	1	2	22	48	15	17	43	60	3	29	56	59	35	54	4	5	6	31	20	58	53	44	27	26	23	7	42	61	55	49	8	16	9	10	19	39	33	46	30	52	18	28	37	41	45	63	11	12	13	14	
103.032806	117.905479	54.902386	3.989438	0.645439	-0.627976	-0.434805	-0.755605	-0.608176	-0.243276	-0.111666	0.485561	-0.867042	0.264543	0.055708	0.042231	32	15	26	18	45	12	46	31	61	43	58	49	57	0	1	24	2	28	27	37	41	20	33	22	54	38	35	63	53	3	13	4	5	44	21	36	29	32	34	56	48	51	62	47	39	6	16	7	17	50	30	42	59	25	23	14	19	55	40	52	60	8	9	10	11	
111.420403	84.365158	55.419384	4.302003	-0.351605	0.806282	0.475692	-0.366263	-0.586112	0.722719	-0.861525	-0.079883	-0.501391	0.389323	0.166577	0.074708	0	1	16	13	33	3	48	4	59	45	9	57	46	0	7	26	43	40	6	47	28	35	44	42	49	63	39	36	32	34	19	11	23	55	2	52	21	54	17	27	31	50	20	37	53	56	15	10	30	61	24	51	58	38	22	5	29	62	12	8	18	41	14	25	60	
111.420403	84.365158	55.419384	4.302003	0.060028	0.572094	0.817989	0.677811	-0.624936	0.387333	0.732782	0.531191	-0.425285	0.389323	0.166577	0.074708	32	2	16	19	12	18	23	46	62	61	47	39	20	54	7	24	14	44	33	11	32	58	30	31	26	40	63	4	59	27	17	0	45	36	37	38	13	15	49	25	51	53	42	60	3	41	10	5	28	57	56	1	9	52	35	6	21	55	48	34	22	43	8	29	50	
111.420403	84.365158	55.419384	4.302003	0.060028	0.572094	0.817989	0.019495	-0.819982	0.572057	0.998006	-0.018393	-0.060374	0.389323	0.166577	0.074708	32	13	4	0	33	22	49	1	62	53	11	51	43	60	2	14	18	36	34	16	26	35	27	32	57	63	45	12	40	37	15	3	24	54	17	48	28	38	42	20	39	47	6	61	44	21	19	23	46	59	9	7	8	58	10	50	5	55	52	29	41	25	30	31	56	
111.420403	84.365158	55.419384	4.302003	0.060028	0.572094	0.817989	-0.859319	0.446580	-0.249273	-0.507905	-0.687950	0.518418	0.389323	0.166577	0.074708	32	0	17	53	58	29	16	35	43	13	42	41	57	48	34	1	37	6	33	31	23	59	39	47	7	4	55	50	52	18	8	12	51	22	11	38	44	5	20	36	60	56	28	62	27	45	40	10	21	14	15	25	2	49	61	24	3	9	32	63	54	19	26	30	46	
111.420403	84.365158	55.419384	4.302003	0.060028	0.572094	0.817989	0.035787	0.817706	-0.574522	-0.997555	0.063760	0.028612	0.389323	0.166577	0.074708	32	7	13	9	59	5	50	10	55	44	27	53	56	57	30	33	20	24	51	17	49	39	25	42	41	47	61	11	45	43	26	28	18	21	19	35	34	58	31	29	32	38	8	40	63	23	0	14	37	36	1	6	12	62	2	52	22	46	48	4	54	15	16	3	60	
111.420403	84.365158	55.419384	4.302003	-0.590392	-0.124181	-0.797507	-0.806101	0.041154	0.590346	-0.040490	0.991406	-0.124400	0.389323	0.166577	0.074708	32	0	1	3	57	54	18	41	61	26	30	20	51	25	32	15	49	28	14	4	22	63	55	8	35	47	29	40	43	27	38	9	19	7	10	16	31	58	6	60	42	39	52	11	23	45	53	44	12	5	13	2	62	59	34	36	56	46	24	21	48	37	17	33	50	
111.420403	84.365158	55.419384	4.302003	-0.590392	-0.124181	-0.797507	0.805855	-0.145932	-0.573848	-0.045120	-0.981470	0.186229	0.389323	0.166577	0.074708	32	62	0	12	5	51	34	42	59	48	16	19	46	54	33	26	39	25	14	11	7	38	61	6	57	30	13	50	35	18	45	52	37	29	3	10	24	40	8	58	63	43	36	27	49	17	9	41	21	56	4	1	2	60	44	23	55	53	31	28	22	47	15	32	20	
111.420403	84.365158	55.419384	4.302003	-0.590392	-0.124181	-0.797507	-0.645234	0.666223	0.373925	0.484883	0.735341	-0.473459	0.389323	0.166577	0.074708	32	0	1	56	11	55	59	49	28	39	18	40	44	13	12	46	33	9	16	2	57	41	62	47	53	48	32	34	45	20	27	22	31	5	3	19	4	52	26	63	30	24	36	17	54	29	8	37	35	10	15	14	60	61	43	38	6	42	21	7	50	51	23	25	58	
111.420403	84.365158	55.419384	4.302003	-0.590392	-0.124181	-0.797507	0.665037	-0.634738	-0.393489	-0.457344	-0.762684	0.457329	0.389323	0.166577	0.074708	32	60	12	17	10	6	39	42	61	48	7	23	38	59	25	18	52	0	20	5	1	29	63	26	50	53	15	37	24	34	36	11	28	57	2	16	9	54	41	62	44	49	40	30	47	32	21	27	22	13	58	3	4	31	51	55	56	45	43	19	33	35	46	8	14	
39.585354	116.359947	56.549541	4.351073	-0.327900	0.943803	0.041451	-0.515200	-0.215426	0.829555	-0.791865	-0.250656	-0.556885	0.346546	0.182976	0.032012	0	58	36	44	45	0	1	2	50	42	3	22	56	51	48	14	39	24	41	34	49	4	5	6	59	38	19	46	63	18	17	15	21	47	40	32	57	7	8	29	54	53	27	25	61	31	9	10	43	60	26	28	33	11	16	23	52	55	30	35	37	12	20	13	62	
39.585354	116.359947	56.549541	4.351073	0.766765	0.426554	0.479712	0.640970	-0.467945	-0.608427	-0.035048	0.774002	-0.632213	0.346546	0.182976	0.032012	32	14	22	7	41	63	39	0	1	40	33	31	61	58	17	32	13	20	48	30	43	51	59	11	6	46	55	24	25	38	44	47	23	35	49	8	4	56	52	16	15	36	54	42	53	28	26	18	10	21	37	19	60	57	50	2	9	27	62	3	12	45	34	29	5	
90.343231	52.637196	57.650742	3.806388	-0.596397	-0.107932	-0.795400	0.502257	-0.823144	-0.264900	-0.626137	-0.557481	0.545130	0.292130	0.168194	0.076116	0	23	50	41	53	22	44	0	42	35	48	56	52	1	21	2	3	59	40	18	47	38	37	4	55	49	54	32	58	30	28	5	6	25	20	63	31	7	26	19	27	51	8	61	29	9	10	46	11	57	60	43	12	36	39	13	14	45	24	62	15	33	34	16	17	
90.343231	52.637196	57.650742	3.806388	0.592742	-0.547935	0.590274	0.379916	0.836463	0.394961	-0.710156	-0.009856	0.703976	0.292130	0.168194	0.076116	32	0	17	1	40	27	46	2	60	42	48	51	49	3	39	4	34	20	33	5	43	52	57	6	38	56	55	45	41	22	28	7	19	21	26	24	35	29	36	50	59	32	62	54	53	8	9	10	11	23	30	12	13	58	61	14	18	44	63	47	37	25	31	15	16	
90.343231	52.637196	57.650742	3.806388	0.592742	-0.547935	0.590274	0.401147	-0.434669	-0.806315	0.698382	0.714724	-0.037844	0.292130	0.168194	0.076116	32	28	24	29	31	33	58	56	39	62	52	44	51	16	0	15	1	23	26	12	2	54	57	34	3	49	46	42	60	35	18	22	4	11	5	32	6	30	20	63	38	55	25	61	40	17	7	37	14	45	43	19	8	47	48	50	9	59	27	53	41	36	21	13	10	
130.609283	52.680023	58.480831	3.769165	-0.659300	0.540237	0.522941	-0.730527	-0.295691	-0.615546	0.177912	0.787852	-0.589607	0.169484	0.114788	0.055411	0	0	1	2	3	52	58	37	56	31	21	4	5	59	54	45	36	30	27	6	7	40	55	23	60	51	32	35	8	48	44	50	25	9	20	43	10	11	22	63	39	26	28	12	13	57	24	62	14	41	47	15	16	49	38	53	34	46	61	17	18	33	42	29	19	
130.609283	52.680023	58.480831	3.769165	-0.610524	-0.174325	-0.772574	-0.572426	-0.577022	0.582558	-0.547347	0.797908	0.252498	0.169484	0.114788	0.055411	32	51	19	52	0	33	23	60	1	63	20	39	2	28	3	31	4	59	57	21	5	42	45	25	6	61	36	41	7	48	43	8	9	18	10	24	11	49	29	62	12	56	27	54	35	30	13	37	14	47	55	22	15	38	46	50	16	58	53	44	32	34	40	26	17	
130.609283	52.680023	58.480831	3.769165	-0.610524	-0.174325	-0.772574	-0.789383	0.213143	0.575713	0.064307	0.961343	-0.267738	0.169484	0.114788	0.055411	32	57	58	25	0	43	42	30	1	63	48	2	3	32	39	4	5	23	62	6	22	31	55	24	7	54	56	8	28	9	52	10	11	36	12	26	13	61	46	49	14	59	45	33	15	41	38	21	16	35	37	20	17	50	34	60	18	53	51	47	44	40	27	29	19	
130.609283	52.680023	58.480831	3.769165	-0.438949	-0.787803	0.432076	-0.790032	0.567456	0.232042	-0.427987	-0.239500	-0.871474	0.169484	0.114788	0.055411	32	29	41	0	1	47	63	2	3	59	58	44	45	30	32	4	5	25	36	6	35	31	61	7	28	52	54	46	48	26	40	8	9	55	37	10	11	51	49	12	13	60	56	14	33	39	15	16	17	57	42	18	19	53	38	20	21	62	43	22	34	50	27	23	24	
130.609283	52.680023	58.480831	3.769165	-0.438949	-0.787803	0.432076	-0.627107	-0.075773	-0.775239	0.643475	-0.611248	-0.460777	0.169484	0.114788	0.055411	32	0	25	1	39	2	47	3	61	44	52	49	55	4	30	5	36	45	51	6	33	41	53	7	42	54	58	8	50	9	40	10	26	11	34	12	37	13	57	14	59	35	63	31	56	15	27	16	28	17	60	18	32	19	46	20	38	29	62	21	48	22	43	23	24	
130.609283	52.680023	58.480831	3.769165	-0.438949	-0.787803	0.432076	-0.215645	0.559193	0.800500	-0.872250	0.258203	-0.415344	0.169484	0.114788	0.055411	32	38	32	29	0	62	44	28	1	63	43	30	2	23	3	4	5	22	36	6	7	59	57	41	8	58	51	46	45	35	26	9	10	61	34	52	11	37	25	42	12	53	40	60	13	14	15	49	16	24	39	31	17	50	47	48	18	56	54	55	19	33	20	27	21	
144.736511	71.485474	58.035748	3.812637	-0.907537	-0.004513	0.419949	0.360717	-0.520484	0.773938	0.215084	0.853859	0.473987	0.154814	0.031504	0.012618	0	41	0	1	2	56	52	54	39	3	4	5	6	61	43	44	34	48	36	42	7	50	58	35	8	9	10	11	12	63	55	13	14	37	15	16	17	53	38	57	46	18	19	20	21	60	22	51	23	33	24	25	26	62	45	40	27	28	29	30	31	59	47	49	32	
144.736511	71.485474	58.035748	3.812637	-0.848844	0.240355	0.470843	-0.262533	0.581404	-0.770094	-0.458846	-0.777302	-0.430420	0.154814	0.031504	0.012618	32	55	44	52	49	0	1	2	3	40	48	45	58	32	4	5	6	63	53	36	33	7	8	9	10	51	61	11	28	12	27	13	30	56	54	46	42	14	15	16	17	60	31	50	43	18	34	19	35	62	59	39	20	21	22	23	24	57	41	38	37	25	29	26	47	
44.622097	76.215302	58.554150	3.702234	-0.948730	-0.231620	0.215090	-0.292773	0.387424	-0.874178	0.119146	-0.892331	-0.435373	0.226341	0.164043	0.023390	0	29	40	27	20	15	0	63	1	59	57	31	17	43	2	36	3	26	49	47	55	33	4	41	5	39	56	50	34	51	6	28	24	30	58	44	25	21	32	53	7	45	14	62	22	8	9	42	18	52	23	54	10	48	11	60	12	61	35	46	16	19	13	37	38	
44.622097	76.215302	58.554150	3.702234	-0.629090	-0.450748	0.633303	0.755670	-0.163625	0.634185	-0.182233	0.877527	0.443551	0.226341	0.164043	0.023390	32	50	30	0	24	56	58	1	2	42	52	48	39	40	37	3	4	57	20	27	35	55	54	23	21	61	45	5	6	38	47	7	8	32	28	25	9	46	63	10	11	51	60	41	12	34	26	13	14	33	31	36	49	59	43	15	22	62	44	16	17	53	29	18	19	
44.622097	76.215302	58.554150	3.702234	0.485892	-0.210293	0.848343	0.838300	0.386773	-0.384264	-0.247308	0.897877	0.364219	0.226341	0.164043	0.023390	32	35	37	52	56	22	28	0	1	36	58	51	53	32	2	3	4	49	50	57	20	5	42	6	7	47	60	43	29	8	9	27	45	34	40	48	61	10	21	33	11	54	25	55	59	38	12	13	14	46	63	26	24	15	31	16	17	62	39	30	23	18	19	44	41	
44.622097	76.215302	58.554150	3.702234	0.485892	-0.210293	0.848343	-0.830882	-0.412303	0.373687	0.271190	-0.886444	-0.375063	0.226341	0.164043	0.023390	32	0	27	63	44	1	2	33	3	24	32	42	62	40	45	21	19	61	49	39	31	4	29	22	5	59	56	26	51	6	7	8	38	9	57	53	48	10	11	41	12	25	43	60	46	47	30	13	20	54	52	37	35	14	15	28	23	50	55	58	36	16	17	18	34	
139.121307	120.149452	58.777027	3.985695	-0.619860	0.691994	0.370025	0.063510	0.514235	-0.855294	0.782138	0.506662	0.362703	0.276521	0.077028	0.028468	0	0	22	1	50	20	28	43	61	2	36	3	57	39	35	47	42	4	23	5	53	49	25	40	44	6	26	7	56	27	8	58	54	19	31	41	62	33	9	51	24	10	11	12	38	46	13	63	37	30	45	29	60	52	14	32	21	15	16	17	34	55	18	59	48	
139.121307	120.149452	58.777027	3.985695	-0.784156	0.031565	0.619760	-0.609955	-0.223079	-0.760388	0.114254	-0.974289	0.194182	0.276521	0.077028	0.028468	32	63	32	0	24	56	40	1	2	35	38	45	55	41	3	54	22	44	25	30	4	62	34	5	6	37	47	33	28	46	27	43	36	53	17	51	23	52	50	7	8	29	21	61	26	9	10	58	11	31	42	20	18	60	49	12	13	57	14	39	15	59	16	48	19	
49.316135	129.434799	58.095322	4.167365	-0.761836	-0.287589	0.580430	-0.323599	0.945190	0.043583	-0.561150	-0.154623	-0.813143	0.324852	0.106399	0.055546	0	43	40	49	52	0	1	2	55	3	4	5	39	6	7	50	63	44	42	27	35	8	48	9	60	46	31	30	10	33	51	36	53	11	12	37	47	13	14	15	62	16	17	56	58	18	19	54	38	20	21	41	25	22	57	26	59	45	29	61	23	24	34	28	32	
49.316135	129.434799	58.095322	4.167365	-0.791273	-0.157175	-0.590917	0.432555	-0.826937	-0.359265	-0.432183	-0.539881	0.722320	0.324852	0.106399	0.055546	32	21	20	19	51	50	14	26	54	53	33	45	59	16	25	0	28	62	1	31	15	41	2	47	34	63	37	24	3	4	40	5	6	32	27	36	23	58	49	18	7	57	30	55	44	42	35	8	29	48	39	38	9	56	61	22	10	52	60	11	12	46	43	17	13	
123.991386	55.798244	59.949680	3.635406	-0.920795	0.356768	-0.157648	-0.091846	0.194488	0.976595	-0.379078	-0.913724	0.146316	0.239817	0.110704	0.077084	0	55	16	0	1	33	39	20	59	2	31	3	4	24	54	46	62	27	5	44	42	36	57	47	52	48	35	28	6	41	58	17	51	18	7	8	9	43	21	60	50	22	25	10	11	38	19	63	26	30	12	45	15	61	37	34	29	49	53	23	13	56	40	32	14	
123.991386	55.798244	59.949680	3.635406	-0.620297	-0.169243	-0.765890	-0.777557	0.004296	0.628797	-0.103129	0.985565	-0.134261	0.239817	0.110704	0.077084	32	36	61	33	0	37	47	44	1	57	55	39	48	41	21	27	2	38	62	3	4	26	54	5	6	50	60	15	16	43	28	34	30	42	7	32	8	52	40	53	9	58	45	51	29	20	49	10	11	63	25	12	13	46	19	23	18	59	35	17	31	24	22	14	56	
123.991386	55.798244	59.949680	3.635406	-0.620297	-0.169243	-0.765890	-0.600289	-0.526060	0.602423	-0.504860	0.833437	0.224718	0.239817	0.110704	0.077084	32	38	42	44	0	33	19	61	1	55	52	51	47	49	2	18	3	45	58	4	5	46	56	6	7	62	35	39	8	32	31	41	29	50	9	40	10	48	34	54	11	60	21	53	27	36	37	12	24	63	20	26	13	43	17	14	15	59	25	16	28	23	30	22	57	
123.991386	55.798244	59.949680	3.635406	-0.620297	-0.169243	-0.765890	-0.662165	0.636386	0.395664	0.420439	0.752575	-0.506816	0.239817	0.110704	0.077084	32	19	59	0	50	22	57	1	39	46	61	2	41	38	36	29	23	26	63	3	4	5	44	6	7	20	60	21	30	33	27	51	32	42	35	8	25	62	31	9	10	55	53	47	43	11	48	12	13	49	54	14	15	52	45	16	17	58	56	34	24	18	40	37	28	
132.554642	68.462654	59.515144	4.159770	-0.844491	0.534965	-0.025456	0.046002	0.119809	0.991731	-0.533590	-0.836336	0.125787	0.263065	0.173560	0.069542	0	18	17	24	0	43	48	61	26	60	39	37	1	34	15	41	2	21	19	3	4	59	56	47	28	58	31	52	5	40	30	25	6	42	22	54	7	51	38	50	8	46	32	49	9	36	55	45	10	53	11	35	12	63	44	33	16	62	13	29	14	57	20	27	23	
132.554642	68.462654	59.515144	4.159770	0.583545	0.199501	0.787194	-0.809229	0.061691	0.584245	0.067994	-0.977954	0.197441	0.263065	0.173560	0.069542	32	26	24	50	51	39	52	0	19	18	42	49	57	32	59	1	2	22	31	3	17	29	63	4	5	54	62	30	47	16	43	6	7	53	27	23	58	45	33	8	9	56	34	35	41	44	40	10	28	55	36	11	20	37	60	12	13	61	46	21	25	14	48	15	38	
132.554642	68.462654	59.515144	4.159770	0.583545	0.199501	0.787194	-0.593165	-0.557350	0.580962	0.554645	-0.805953	-0.206902	0.263065	0.173560	0.069542	32	24	25	39	29	40	59	0	48	26	49	60	51	1	44	2	3	30	47	21	19	4	63	5	22	52	62	31	42	6	38	7	20	27	33	57	54	8	45	9	28	34	41	50	32	10	61	11	12	55	46	13	37	14	53	15	35	56	43	18	36	16	23	17	58	
132.554642	68.462654	59.515144	4.159770	0.583545	0.199501	0.787194	0.666049	0.437001	-0.604491	-0.464601	0.877057	0.122133	0.263065	0.173560	0.069542	32	37	0	38	55	29	1	54	18	33	22	39	57	58	2	23	3	56	52	36	30	25	4	44	5	42	49	47	35	6	7	60	8	17	21	40	28	16	9	63	19	34	32	62	53	20	10	41	11	31	45	24	27	46	12	59	43	51	61	50	26	13	14	48	15	
114.049339	109.274292	59.474285	3.644650	-0.510345	0.856678	0.075171	-0.397012	-0.312241	0.863068	-0.762843	-0.410619	-0.499462	0.373995	0.063912	0.042403	0	10	50	0	53	12	42	1	52	47	37	14	56	19	21	24	49	25	32	17	51	41	54	11	28	62	22	29	34	46	30	35	39	59	23	2	16	55	40	57	36	63	31	20	33	3	13	4	5	60	26	58	44	45	15	18	6	61	27	48	43	7	8	9	38	
